10 10
0 2 8 2 9 1 8 9 2 8 9 2
0 3 7 8 5 2 1 2 1 6 4 6
0 5 9 5 4 3 7 7 9 8 4 3
0 6 7 6 1 7 6 3 6 2 10 9
0 8 9 3 6 7 6 10 6 1 8 6
1 5 6 6 8 2 2 2 3 10 7 8
2 1 1 2 4 7 2 1 2 7 6 2
2 4 1 7 10 3 10 5 3 1 8 1
2 8 6 5 7 2 3 6 4 5 1 9
2 9 9 9 1 9 6 2 4 8 9 5
3 4 6 10 1 7 1 1 7 3 3 4
3 8 4 5 5 10 6 10 2 10 5 2
4 3 4 2 1 1 8 1 1 1 8 5
4 6 8 2 1 6 6 1 4 4 9 2
4 9 9 8 2 2 3 4 8 10 9 1
5 3 3 5 3 6 4 10 2 4 1 8
5 6 10 1 2 1 7 8 9 3 3 7
5 8 6 8 2 10 8 3 8 5 5 8
5 9 5 9 10 1 3 1 10 3 1 1
6 2 4 7 4 6 10 2 5 9 7 5
6 3 10 9 7 8 3 4 9 2 7 2
6 4 4 3 4 6 6 4 2 9 5 10
6 8 8 3 2 9 8 2 10 5 5 6
7 3 2 9 10 4 4 7 1 4 1 7
7 5 2 10 10 2 6 8 10 10 1 3
7 6 1 3 1 2 2 5 2 6 8 7
8 1 6 2 2 2 9 3 4 5 5 5
8 2 1 10 9 3 4 8 2 2 7 3
8 3 9 2 4 7 3 7 10 6 5 4
8 5 3 2 4 4 4 1 6 4 10 8
8 6 10 4 6 2 9 9 10 4 5 9
8 9 9 8 10 10 10 5 4 6 3 8
9 4 6 6 9 1 7 2 5 10 1 7
9 7 8 10 3 1 7 9 6 2 3 8
9 8 1 10 4 6 7 3 6 8 5 1
