100 10
0 2 7 2 4 6 6 5 4 7 6 8
0 19 7 6 6 2 2 10 5 7 9 1
0 65 10 4 7 1 7 2 9 10 1 10
1 94 8 8 4 5 8 6 6 1 1 6
2 15 5 8 10 2 8 4 4 2 3 6
2 32 7 2 7 7 2 1 8 2 4 7
2 54 10 9 2 1 9 6 6 6 1 7
2 87 2 6 2 9 9 4 7 7 7 4
4 34 9 7 1 2 8 7 10 1 7 7
4 92 2 8 9 8 7 6 1 1 4 1
5 30 6 6 5 3 2 1 8 2 3 10
5 37 3 7 10 7 10 6 4 7 4 6
6 7 1 8 1 9 9 2 10 10 1 5
7 20 9 9 2 10 10 8 5 9 9 4
10 60 8 9 7 7 7 9 4 5 7 5
10 78 9 6 4 7 3 2 4 7 9 7
12 43 2 4 8 4 10 4 7 10 3 5
14 30 2 4 9 2 8 6 3 2 10 10
16 41 2 8 1 9 2 4 9 10 7 1
16 61 9 2 4 10 10 9 3 5 9 3
17 54 2 1 2 6 2 6 5 7 9 7
18 22 7 5 7 10 10 5 7 4 1 3
18 70 2 9 7 4 5 6 7 4 1 3
19 26 6 6 8 4 3 3 2 5 2 10
19 47 1 8 6 2 1 2 10 2 5 10
19 77 7 8 6 7 8 3 4 6 3 6
20 73 7 2 7 3 8 6 7 2 3 8
21 74 8 7 1 3 4 10 8 9 5 8
22 29 6 8 9 2 9 3 7 1 4 4
23 73 6 3 10 7 7 8 2 6 1 4
24 38 7 3 3 5 6 6 9 6 7 10
26 30 6 3 3 4 10 10 4 5 8 2
26 72 3 8 10 7 9 8 5 9 4 8
26 77 6 6 2 4 3 10 3 8 5 2
27 53 9 9 2 7 7 8 5 3 1 2
28 35 7 8 8 4 2 2 8 3 7 10
28 70 9 7 5 5 8 10 3 7 1 2
29 16 4 5 1 2 3 5 2 8 7 9
29 54 1 8 3 4 1 7 9 7 3 9
30 80 1 3 10 1 9 3 8 2 8 4
31 38 3 3 2 1 6 10 9 4 6 7
31 69 10 3 8 4 4 9 7 9 4 4
33 87 2 1 3 1 3 6 8 5 5 2
33 93 4 2 8 2 3 2 1 4 7 3
34 16 2 5 7 1 9 4 8 10 6 5
36 25 7 1 5 8 3 8 9 3 6 6
37 10 1 7 5 8 10 8 5 7 4 2
37 25 3 3 2 5 2 4 2 7 3 5
37 39 5 1 4 2 6 9 2 1 5 10
38 52 2 10 10 5 1 6 5 2 9 2
38 75 7 6 7 4 9 5 10 3 7 5
39 27 4 3 3 7 5 10 5 4 10 7
41 31 1 8 6 6 1 4 7 1 7 5
41 61 4 10 4 2 3 3 3 3 8 4
42 94 7 7 4 1 5 4 6 6 7 1
44 5 4 7 9 6 10 4 4 1 6 1
44 31 2 10 6 1 4 2 7 9 2 5
44 60 10 4 4 1 9 2 4 8 6 9
45 16 10 7 3 6 8 8 5 4 10 4
46 18 10 7 9 5 7 8 7 9 10 10
47 9 10 5 1 8 3 6 5 8 6 2
47 73 4 9 7 2 9 4 6 5 6 10
48 0 7 1 6 7 7 5 6 9 9 6
48 40 1 9 4 10 3 7 9 6 4 5
48 47 10 2 7 3 2 1 1 1 5 9
49 56 3 2 6 2 9 10 10 6 2 1
51 76 1 6 2 6 2 3 6 6 9 3
52 49 5 10 6 4 6 4 9 1 6 8
54 21 1 9 7 1 7 5 9 3 6 9
54 83 3 7 1 6 1 3 7 7 6 6
56 65 6 4 10 4 5 6 6 2 10 9
57 95 9 9 4 1 10 3 4 8 8 7
58 74 6 2 8 2 8 10 6 1 1 6
58 89 8 4 8 6 3 10 5 4 10 2
59 65 4 5 6 2 9 9 5 10 6 8
63 46 10 4 9 9 7 1 9 5 9 2
64 72 2 4 2 4 9 5 5 9 6 9
67 6 2 3 10 7 4 6 6 1 4 7
68 65 9 8 3 3 2 4 1 3 2 8
68 92 4 2 6 7 1 8 2 10 5 7
70 76 5 2 9 3 8 1 5 2 3 9
72 40 9 8 10 8 3 6 5 1 1 9
73 11 9 2 2 5 5 4 8 3 10 2
73 49 9 3 6 8 2 9 5 6 7 9
74 11 1 5 6 8 8 4 8 2 2 10
74 59 8 4 8 3 2 7 4 4 8 6
74 81 4 9 8 9 10 9 7 5 1 4
75 87 9 6 1 8 10 4 10 3 1 6
79 89 10 2 8 6 6 9 8 5 6 2
80 10 5 8 2 4 3 6 4 2 5 4
80 46 9 1 3 6 7 10 6 9 1 2
81 15 8 4 2 9 4 7 9 2 10 6
81 64 8 6 3 8 10 7 10 9 3 3
83 40 7 4 7 1 7 5 2 6 7 2
84 27 9 4 8 6 4 9 10 6 1 1
84 66 2 8 1 4 7 10 6 1 10 4
87 23 7 2 1 8 2 3 5 2 5 5
87 47 2 7 1 3 3 7 8 3 2 2
89 67 4 9 6 7 10 10 3 8 8 1
89 82 1 2 2 8 6 7 4 7 6 3
89 95 8 5 7 4 5 3 3 1 7 9
91 22 7 7 4 10 8 8 8 1 3 1
91 23 4 1 1 9 9 9 10 6 3 2
91 72 10 8 1 7 1 10 1 8 9 8
91 79 2 1 2 6 4 5 8 5 3 4
93 29 6 6 1 4 1 3 4 6 7 1
94 8 10 5 9 2 9 10 8 2 6 1
94 22 1 4 8 7 5 9 5 10 6 1
94 42 9 1 9 3 5 6 8 8 9 10
95 36 2 7 2 10 6 4 9 6 7 5
96 82 7 6 7 2 4 5 8 9 4 8
96 89 9 6 9 3 5 3 2 10 9 4
