10 10
0 3 59 66 94 51 82 63 27 40 82 65
0 7 63 31 48 41 74 87 94 52 43 46
1 6 24 78 55 90 27 11 8 69 6 29
2 0 81 84 70 84 30 36 64 29 81 22
2 1 16 91 4 54 53 39 32 21 45 42
2 6 67 81 93 30 52 27 78 17 46 88
2 7 68 4 61 95 52 46 78 14 55 95
2 9 33 61 90 60 50 90 77 68 94 73
3 6 77 38 6 28 86 61 100 75 87 51
3 7 78 93 91 79 87 7 21 10 44 79
4 2 34 92 92 60 35 82 83 63 85 67
4 8 73 21 44 21 34 77 69 41 49 53
4 9 87 61 5 32 17 5 35 77 11 32
5 1 38 88 58 78 45 38 50 15 76 6
5 7 8 48 90 89 59 27 45 58 71 6
6 3 18 67 49 54 98 100 29 75 67 69
6 8 27 33 10 77 26 76 33 91 4 56
7 5 72 36 93 24 22 40 25 98 97 3
7 6 49 76 22 14 19 82 78 59 82 79
8 4 98 44 30 61 56 27 2 34 46 100
8 7 21 2 10 48 21 69 70 91 58 98
9 0 59 93 45 94 82 2 86 17 9 52
9 1 53 69 65 73 57 71 49 94 43 54
