1000 5
2 715 450 598 765 795 149
3 427 278 509 194 405 216
6 141 180 193 625 246 61
6 434 122 915 590 434 314
6 962 202 673 502 395 840
7 194 285 123 612 571 236
7 971 975 626 621 397 909
8 783 796 30 699 618 650
10 100 564 427 463 723 46
11 787 82 873 522 763 827
12 444 418 155 857 159 554
14 912 884 561 289 395 606
14 933 851 739 950 181 279
16 109 173 641 13 439 685
16 154 27 870 310 701 173
17 73 665 168 649 139 1000
17 233 503 467 540 830 288
18 5 397 508 137 515 877
20 133 299 108 216 536 573
21 194 483 788 277 936 942
22 685 205 377 288 928 34
25 513 300 114 786 524 292
25 670 71 299 105 124 853
25 990 631 790 439 491 662
26 591 852 376 451 564 668
27 69 931 167 564 592 107
27 666 322 942 627 439 5
29 440 359 342 24 692 506
30 758 986 700 727 205 677
31 268 487 105 931 543 581
32 908 475 235 183 489 405
33 858 109 47 660 395 307
36 385 447 868 167 837 852
37 286 928 925 435 496 498
37 602 313 726 931 536 4
39 446 519 355 487 770 142
40 237 254 485 927 518 87
42 329 627 357 813 632 732
42 597 609 719 866 84 802
42 662 846 42 429 850 150
42 712 607 335 149 288 923
42 774 149 76 290 530 578
42 858 385 332 261 690 862
43 190 458 826 648 247 977
43 499 681 266 209 256 802
43 911 48 970 761 954 501
44 30 27 347 152 668 507
45 524 15 704 860 822 874
46 312 400 826 311 893 612
46 521 741 616 600 345 96
46 564 906 461 440 832 924
46 864 375 634 821 566 281
47 216 902 717 319 763 897
47 238 94 797 614 771 522
47 416 533 52 955 593 909
47 865 467 235 640 575 747
47 897 223 342 727 577 854
48 350 862 902 888 309 152
50 32 814 511 578 606 63
50 272 655 513 323 998 947
51 383 826 654 67 625 7
51 417 246 104 135 753 125
51 875 571 249 838 413 254
52 186 998 345 607 981 549
53 8 168 679 734 687 94
53 533 979 903 174 44 799
54 274 702 88 280 50 567
54 854 580 659 519 484 11
55 632 56 53 134 842 582
56 932 305 344 160 311 796
57 876 38 714 616 117 27
57 896 203 530 369 559 671
58 107 936 66 874 179 604
59 254 859 593 730 236 693
59 328 746 511 659 703 367
59 338 171 696 896 618 527
60 99 458 274 647 512 930
60 733 150 292 268 744 777
60 891 441 728 764 7 97
64 535 637 502 182 189 607
64 720 971 935 546 929 771
66 197 176 344 729 679 957
66 629 311 851 749 557 274
67 901 957 86 780 110 1000
68 454 917 370 547 330 963
70 111 601 228 624 553 343
70 603 78 191 310 397 372
70 953 314 729 9 834 251
71 432 837 132 715 370 645
71 886 417 940 519 869 623
72 11 832 229 933 547 454
74 178 38 810 773 862 7
76 287 674 302 439 448 677
76 950 53 981 354 755 998
77 246 768 752 812 829 476
77 873 516 982 710 524 697
80 547 963 310 244 974 756
82 531 199 891 644 848 771
82 640 233 258 895 605 119
84 66 28 696 589 264 921
85 905 712 706 347 250 984
85 932 340 701 389 750 190
85 943 951 118 189 303 986
86 456 351 34 454 110 627
87 172 168 718 278 563 823
87 467 435 243 744 255 733
87 791 613 156 411 645 484
89 565 850 506 845 613 98
90 68 705 67 387 244 793
90 89 980 715 908 123 464
93 455 24 396 58 187 637
93 836 722 57 350 874 820
94 487 541 958 374 556 228
94 986 585 178 735 872 778
96 444 538 722 564 57 369
98 365 207 59 600 264 813
99 417 795 669 345 192 429
100 209 191 577 476 72 8
100 559 350 36 303 589 577
101 139 526 277 858 83 976
101 158 6 402 563 634 785
102 640 192 226 284 148 811
103 453 379 372 3 234 249
103 838 173 162 593 812 610
104 405 987 455 734 123 11
105 725 310 368 186 376 896
106 185 241 436 558 505 524
106 445 691 954 367 270 667
107 45 385 745 822 595 498
108 259 375 735 394 26 520
108 374 376 327 826 886 454
110 495 542 133 541 407 668
111 204 723 994 523 845 408
111 558 723 344 876 20 65
111 920 35 212 341 521 817
112 786 376 189 48 535 83
114 141 922 848 686 343 350
115 283 81 110 116 765 81
116 396 927 881 304 998 911
116 524 775 47 412 231 326
118 465 500 445 456 168 694
118 473 712 531 493 21 488
119 921 440 760 109 275 770
121 847 990 771 338 491 597
123 20 305 422 683 235 1000
124 446 292 579 324 750 879
127 658 535 956 367 277 499
129 759 244 410 235 780 496
129 869 632 356 139 730 908
130 152 688 882 591 600 367
131 764 255 783 777 573 736
132 985 89 992 956 160 511
134 366 161 879 679 400 238
135 70 989 942 955 639 629
135 285 790 244 576 899 932
136 281 456 684 420 787 898
136 838 87 186 335 869 74
137 474 656 835 4 290 403
137 609 198 446 659 626 890
138 339 605 945 10 579 910
141 609 39 80 832 498 136
141 633 825 243 121 405 448
141 722 461 434 861 652 442
141 975 42 255 440 436 433
142 499 348 813 496 98 666
143 721 394 494 114 122 110
144 592 303 118 447 140 798
145 49 286 781 277 592 83
145 968 829 993 324 541 75
150 113 372 205 797 592 109
150 595 353 365 529 15 439
150 688 988 983 377 978 356
153 157 580 82 56 479 972
154 113 533 449 994 488 966
154 448 205 416 119 860 981
154 664 247 400 12 643 117
155 719 67 53 699 665 416
155 748 938 680 979 864 242
156 187 51 915 898 75 994
156 323 853 605 312 698 911
157 24 907 270 760 486 640
157 61 640 557 949 754 761
157 82 234 975 970 483 694
157 385 557 50 473 32 85
157 779 191 355 192 221 173
157 995 650 569 376 961 995
158 387 542 44 373 254 695
159 335 251 673 759 486 767
159 377 452 444 920 945 949
162 627 628 204 446 843 288
163 116 507 521 2 781 132
163 432 967 612 183 375 567
163 493 339 523 156 336 667
164 702 372 889 349 561 606
165 13 532 966 895 323 723
165 24 118 783 887 740 40
165 368 343 103 700 56 68
166 47 926 646 401 485 799
170 880 4 725 47 470 346
172 403 788 911 664 802 108
173 586 699 604 76 532 549
173 812 974 75 694 332 230
173 876 414 585 348 602 738
173 994 224 944 808 777 619
176 219 686 169 693 590 699
178 750 934 998 200 134 355
178 891 934 587 910 431 15
181 953 931 563 626 803 355
182 229 161 31 637 283 386
183 431 131 433 888 520 115
184 487 925 8 605 557 784
184 553 1 359 345 588 292
187 5 933 699 965 621 994
187 411 63 841 758 589 931
187 447 714 450 133 58 689
187 674 350 288 864 871 7
188 127 901 207 902 640 368
188 450 59 370 651 743 273
188 904 347 811 117 202 619
189 7 94 513 729 783 967
189 492 796 750 894 93 819
190 46 527 502 537 688 184
192 266 822 426 458 900 993
192 713 537 647 439 153 533
192 929 970 635 894 673 574
193 286 108 741 358 496 736
193 731 36 404 171 683 860
194 988 889 478 37 568 588
195 305 218 304 465 694 583
195 519 982 639 661 691 503
196 695 557 624 354 10 706
197 642 460 677 88 708 122
198 442 194 65 37 858 728
200 358 413 125 549 252 743
200 561 929 190 637 52 282
201 363 436 146 102 654 902
202 184 900 669 831 217 484
203 415 582 242 20 204 784
204 909 529 430 974 908 566
205 861 428 661 169 720 987
206 349 473 460 989 42 26
208 459 452 79 203 148 626
209 21 601 862 263 323 856
210 177 990 963 316 471 821
211 578 124 320 764 428 163
213 6 910 873 635 425 327
215 326 31 167 788 155 742
215 619 241 519 204 61 222
216 285 746 251 636 463 671
216 889 569 137 35 899 960
216 947 907 383 212 550 308
219 797 923 380 385 239 814
221 64 725 759 640 998 323
221 141 459 340 30 77 569
221 843 435 453 985 657 939
221 904 881 309 495 765 269
223 437 716 610 997 352 940
225 358 815 849 381 727 836
228 347 354 288 949 590 34
229 188 414 363 36 581 937
230 808 906 877 665 418 13
230 834 632 118 36 351 722
231 58 977 104 280 804 92
231 788 306 793 961 843 735
231 910 243 866 823 921 282
232 241 801 283 617 636 182
232 971 214 9 60 823 420
233 149 234 523 201 930 744
233 550 124 687 291 375 999
233 783 722 480 590 853 286
234 492 813 351 666 61 800
235 565 179 279 892 715 384
238 183 965 282 110 25 106
238 189 831 769 594 268 497
238 647 425 637 986 150 673
239 570 38 899 121 738 344
239 639 244 108 110 610 662
240 871 499 289 759 472 170
240 973 519 45 279 244 723
241 796 46 333 823 569 328
242 262 96 902 156 461 296
246 450 471 320 734 351 627
247 47 739 678 853 251 629
249 79 802 365 129 23 143
251 162 745 595 349 46 277
251 626 336 42 190 979 960
251 909 505 594 168 852 443
251 964 868 446 316 106 645
253 187 528 387 965 133 552
253 313 794 762 521 286 569
253 732 761 802 473 791 151
253 740 394 357 639 664 546
255 219 349 645 899 270 364
256 432 650 837 676 154 130
257 258 578 853 104 678 884
257 508 860 420 358 74 613
258 16 268 150 24 787 618
258 962 471 127 203 392 858
259 152 666 481 263 755 397
261 289 212 901 103 893 483
262 98 730 52 511 616 123
263 507 474 849 125 561 915
264 14 411 193 404 871 233
265 381 87 674 100 206 86
266 151 709 366 274 184 487
266 957 758 665 687 861 199
267 678 638 652 780 405 624
268 221 405 889 290 325 252
268 925 493 151 448 491 665
269 10 749 931 163 995 546
269 44 585 496 391 814 931
269 70 105 7 202 314 979
271 285 963 858 74 107 190
271 291 237 448 263 235 247
271 414 690 632 780 627 750
272 118 193 503 459 392 489
272 295 359 670 744 775 90
272 450 323 28 498 774 835
273 255 517 206 130 937 378
273 533 821 81 700 217 62
274 74 433 753 75 942 736
274 382 614 68 413 231 175
274 804 975 546 308 928 621
276 292 695 134 985 672 168
278 614 966 42 935 952 346
279 450 365 981 53 32 605
279 559 983 158 798 722 484
280 230 825 534 418 281 324
282 213 355 777 857 770 621
282 746 596 910 275 126 166
282 935 25 487 278 667 208
284 135 269 383 629 550 383
284 879 274 202 892 387 922
284 910 418 770 381 863 531
285 255 889 487 20 488 123
285 450 175 166 377 780 2
285 627 824 491 792 829 321
286 550 478 502 288 893 181
286 981 506 605 646 474 201
289 298 278 923 268 23 170
290 811 896 429 501 294 320
291 239 745 843 548 428 29
291 382 441 97 18 666 684
291 639 31 379 617 901 585
293 811 565 106 768 752 991
294 712 785 167 417 440 756
294 958 469 3 855 610 875
295 469 558 400 61 886 731
296 721 691 186 484 159 822
297 375 259 743 233 196 115
299 185 543 278 787 132 910
299 877 153 675 378 534 456
300 926 179 236 730 161 649
301 106 606 464 935 256 631
301 233 613 897 258 586 255
301 851 85 380 487 705 560
305 15 651 477 619 166 856
305 101 139 214 846 257 629
305 336 408 462 713 570 108
306 784 116 147 250 356 87
307 377 141 380 959 159 190
311 355 540 422 244 209 730
311 969 491 627 203 736 265
315 109 423 570 703 954 304
317 415 22 967 769 736 385
318 522 52 73 268 680 236
321 32 168 301 499 71 594
321 306 134 201 780 270 916
321 361 567 58 626 691 673
322 428 853 993 104 486 581
325 477 375 406 148 559 629
325 627 821 833 140 67 574
325 750 769 731 968 379 833
326 692 906 594 665 389 421
327 899 49 581 102 672 438
328 939 159 808 819 977 764
329 217 940 948 906 249 486
330 31 650 858 789 238 649
331 815 668 745 778 823 905
334 965 971 984 863 943 232
335 627 184 758 393 315 463
335 735 189 164 577 718 393
336 796 154 152 336 90 340
338 161 600 81 961 684 100
340 76 481 5 927 303 641
342 365 704 845 266 698 545
342 415 71 420 63 935 106
342 548 234 356 287 646 524
344 375 97 981 841 505 731
348 388 925 56 542 712 341
349 698 966 522 840 468 870
350 879 401 71 398 750 754
350 972 310 92 600 383 583
351 572 763 297 345 347 518
351 635 844 181 462 93 739
352 463 359 763 690 884 473
354 647 207 399 458 512 241
354 843 519 218 901 602 601
354 882 787 979 634 496 431
355 479 390 353 170 252 936
355 852 792 607 8 20 998
355 956 989 693 517 439 575
356 650 390 149 422 39 462
357 560 346 132 595 807 191
359 487 189 769 669 800 257
361 659 454 588 793 161 365
361 763 179 878 617 501 935
362 805 710 725 731 359 146
363 179 491 993 411 320 394
364 323 704 639 165 410 662
364 919 878 717 504 720 131
365 766 562 640 838 451 851
365 924 602 753 925 151 941
366 305 795 622 129 793 476
367 225 568 466 686 422 297
369 807 460 574 332 679 397
370 820 151 120 56 526 719
372 339 41 563 951 988 16
373 81 630 689 287 106 804
374 434 53 671 47 960 841
376 571 30 356 163 784 125
378 21 417 187 980 356 494
379 335 278 183 632 344 438
379 885 279 335 710 627 776
379 935 896 322 893 426 48
380 832 385 41 944 328 958
381 997 231 875 667 7 719
382 565 494 961 958 398 747
382 677 69 401 298 737 989
384 598 645 858 303 764 971
384 719 308 415 843 521 250
384 961 265 673 919 1000 940
385 165 216 946 254 92 811
385 332 520 65 925 903 57
387 607 925 849 157 967 117
389 21 38 788 350 196 816
389 139 368 857 415 89 344
391 366 663 928 972 989 861
392 733 260 122 982 183 960
392 909 146 262 453 622 196
393 708 61 72 932 915 347
393 780 981 336 837 957 376
394 563 398 628 464 855 290
394 634 910 341 178 756 819
396 155 887 813 21 898 297
396 405 994 664 943 272 834
396 693 524 919 579 352 490
397 447 35 583 344 226 102
399 412 44 675 602 321 798
399 629 119 4 796 315 750
400 757 808 828 322 448 593
402 183 255 427 325 936 998
402 873 734 665 676 793 239
403 282 798 579 472 796 65
403 720 332 881 101 308 69
403 931 93 695 739 229 283
404 300 980 945 23 445 96
404 352 575 349 867 103 17
405 833 54 614 409 336 933
405 945 762 767 99 772 951
406 9 279 723 834 868 277
406 943 153 625 2 377 1000
408 141 509 303 660 137 942
408 953 485 598 904 444 795
409 3 34 801 436 398 371
409 96 71 362 558 496 427
409 217 569 745 906 673 745
409 530 742 566 764 500 876
410 420 792 189 166 331 165
411 55 63 646 269 991 241
412 42 825 910 146 482 650
413 672 265 790 682 634 505
414 41 257 541 849 453 381
415 255 318 890 191 871 659
415 484 150 248 830 125 535
416 155 566 576 53 670 348
416 372 818 212 526 805 503
417 203 262 670 37 883 389
418 732 682 208 649 819 457
419 230 748 427 683 833 256
421 308 98 315 325 473 427
425 556 45 782 555 857 735
425 735 615 193 687 199 468
426 318 935 6 287 955 809
426 425 561 126 900 126 772
426 947 856 968 8 570 304
426 950 867 163 378 990 770
427 241 619 547 196 991 695
427 341 456 453 163 718 900
428 185 241 829 167 223 653
428 200 562 350 648 524 334
428 923 475 647 219 416 539
429 89 536 61 723 774 480
431 161 765 650 277 144 400
431 744 495 263 715 519 939
433 914 837 88 312 631 475
435 270 768 379 810 966 655
435 380 996 265 624 121 803
435 684 312 460 649 69 402
438 332 320 786 489 895 256
439 550 410 778 966 425 113
439 744 140 462 536 796 344
440 601 983 453 914 685 796
441 204 902 844 572 822 48
441 714 372 883 330 332 196
442 859 826 915 975 520 559
445 910 79 340 4 454 813
449 695 338 294 478 386 410
451 159 632 979 143 365 706
451 443 430 527 409 354 237
451 903 763 381 695 369 106
457 994 575 850 632 834 225
458 366 711 453 472 435 477
458 923 689 731 642 755 229
462 18 911 90 775 677 738
462 139 787 46 115 631 759
462 453 870 588 573 412 598
462 922 168 261 779 446 550
463 155 414 555 966 968 158
465 192 157 510 447 39 74
465 225 655 716 526 316 110
466 76 775 537 644 717 289
467 140 479 1000 5 742 576
468 686 430 553 634 985 591
471 473 549 547 542 793 120
472 456 330 433 286 838 500
473 118 932 213 206 56 97
473 477 858 886 775 834 131
478 172 962 620 136 130 325
479 960 229 975 763 669 127
480 214 421 287 384 797 48
480 274 956 238 772 191 392
481 298 163 888 447 33 695
481 354 40 707 972 298 891
482 584 30 93 190 336 887
483 25 142 651 978 16 941
483 172 631 584 594 270 299
483 411 950 709 479 428 848
485 413 149 893 426 561 254
487 971 575 763 233 532 677
488 872 711 907 143 242 130
489 567 461 802 58 766 439
490 665 704 367 264 772 160
491 426 125 405 55 602 652
492 452 35 232 826 392 179
494 197 774 805 62 48 985
494 900 363 767 109 384 225
496 902 445 228 531 163 829
498 311 856 456 771 695 966
499 617 999 840 981 491 816
501 376 364 786 691 682 529
501 976 573 433 494 272 844
502 110 290 909 500 757 634
504 25 813 160 685 250 851
504 503 798 454 104 381 823
506 51 560 805 335 716 476
507 147 914 435 552 597 190
507 218 943 500 562 366 735
507 961 387 991 327 796 5
510 407 580 790 989 701 88
511 79 908 97 995 318 9
511 260 967 566 679 225 606
512 450 776 157 158 810 985
516 769 853 982 315 122 99
518 75 126 597 245 704 257
519 885 29 825 948 772 355
523 625 126 89 713 167 524
526 666 696 68 947 391 245
526 878 179 826 212 452 246
527 606 212 716 950 511 323
528 426 267 787 330 422 484
528 724 680 893 936 510 267
529 178 751 707 323 885 215
532 117 592 824 173 749 849
533 907 633 952 777 66 516
535 58 463 829 100 708 912
537 490 556 742 880 688 373
538 16 683 973 857 84 154
539 90 549 999 75 726 532
539 310 956 856 675 451 953
541 187 504 341 965 7 355
544 280 7 765 424 965 146
544 367 656 415 738 334 348
545 313 382 909 729 498 644
552 118 478 930 361 56 968
553 917 586 206 126 415 763
555 69 101 291 419 401 875
557 247 412 139 29 382 889
558 705 577 304 559 347 411
558 845 715 701 225 314 791
560 807 303 10 838 797 833
562 492 247 495 851 587 341
562 720 793 633 409 741 881
563 794 250 252 133 455 564
563 840 108 787 751 252 808
564 23 105 339 343 465 29
565 234 262 335 61 531 24
565 974 802 54 941 955 709
566 26 644 598 302 383 627
566 586 723 581 63 114 509
566 906 781 700 527 490 678
567 809 22 395 386 876 889
568 378 922 259 470 630 846
568 884 903 834 958 273 367
571 110 13 497 323 938 909
572 375 998 212 785 910 25
573 8 979 980 186 106 800
575 218 266 856 347 732 60
575 898 40 193 24 355 255
576 595 577 356 155 352 175
578 370 986 167 67 923 927
578 561 472 267 888 508 420
578 593 405 719 835 826 851
578 726 878 385 564 46 431
580 415 976 658 744 429 549
581 930 822 671 700 749 755
582 155 486 123 273 355 529
583 534 516 986 522 493 209
583 708 529 520 231 854 764
583 988 316 949 298 780 505
584 71 983 371 762 348 393
585 227 97 46 61 276 842
585 704 931 419 137 811 317
586 163 150 468 443 297 931
586 620 681 35 732 420 108
588 664 676 145 597 407 882
590 441 824 826 815 633 53
591 847 523 801 212 248 419
592 342 439 71 764 152 565
593 732 891 64 342 674 763
594 878 377 60 165 431 757
595 394 571 758 780 894 201
596 85 455 925 232 597 964
597 755 637 402 335 750 227
598 259 393 124 166 59 487
599 709 899 696 176 766 579
600 528 310 444 666 167 733
600 738 563 426 515 95 202
603 357 420 902 426 791 248
604 181 727 825 682 529 148
604 843 554 358 255 282 143
605 262 369 845 796 75 593
605 271 810 516 708 282 880
605 831 333 388 706 862 647
606 142 22 88 190 972 574
607 776 58 262 657 287 481
608 228 508 377 143 537 382
610 557 34 151 901 580 922
610 587 241 598 428 395 536
612 659 745 882 156 589 345
612 665 328 74 83 117 352
612 706 773 577 210 902 638
613 604 293 349 597 480 234
614 303 335 249 505 525 982
614 567 335 674 235 234 713
614 649 390 889 291 148 464
615 405 170 577 70 898 336
615 602 840 697 181 511 565
615 683 223 55 373 600 854
616 224 412 258 537 146 600
616 965 123 970 372 364 243
617 69 402 939 309 7 16
618 205 285 409 62 310 168
618 285 819 681 314 155 349
620 595 218 840 943 126 218
621 523 643 499 424 193 905
622 807 288 899 862 124 611
624 843 916 110 175 395 87
625 994 258 663 234 634 193
626 616 195 353 282 835 231
626 860 46 293 639 110 369
627 738 310 568 182 305 248
627 851 248 315 363 81 528
628 156 803 823 925 258 282
629 163 658 185 119 80 115
629 450 746 602 457 870 991
630 274 184 577 625 191 536
630 875 774 721 149 852 475
631 983 39 9 658 924 905
634 137 539 850 138 749 28
635 172 193 991 155 607 109
638 8 233 242 455 137 211
639 930 397 203 131 634 852
642 160 625 883 905 533 114
645 565 952 800 636 824 809
646 247 806 368 500 24 331
648 178 643 579 628 509 340
648 859 46 823 909 571 682
649 732 900 690 65 86 366
650 309 300 180 409 982 312
650 874 340 397 11 603 642
651 268 510 814 994 784 118
651 988 940 355 158 255 841
652 938 715 570 771 755 469
653 370 980 196 671 571 800
653 813 735 311 656 132 872
655 163 132 444 987 673 377
655 793 908 995 353 720 720
656 349 249 700 257 834 496
659 682 162 923 87 624 946
659 824 51 132 951 719 354
659 993 839 461 764 47 522
660 394 744 544 113 320 461
661 314 622 339 8 365 113
661 735 133 988 680 178 757
661 771 446 453 163 722 122
661 824 650 649 95 142 908
662 202 612 223 130 506 708
663 672 41 384 767 740 705
664 611 201 907 979 865 184
664 819 577 583 231 310 11
665 730 329 380 213 350 249
666 329 357 684 904 933 118
666 943 702 354 568 399 543
668 414 980 73 685 904 577
669 54 535 494 305 165 475
669 709 111 634 345 389 290
670 646 172 531 881 856 955
670 989 349 207 960 973 687
672 554 446 639 844 744 693
672 920 245 318 702 649 680
675 19 369 178 198 402 306
675 959 549 692 811 185 556
676 718 504 418 100 575 194
676 972 438 640 496 222 314
678 642 670 240 807 395 897
678 781 779 789 280 452 376
679 298 47 984 353 116 298
679 982 99 902 305 776 793
680 135 626 235 762 916 859
680 415 769 514 176 294 391
680 831 141 691 29 48 929
680 996 804 729 700 928 658
681 551 151 705 377 194 65
681 993 601 269 8 914 778
682 232 805 225 340 611 187
682 901 182 52 266 440 204
683 148 403 233 869 588 344
684 322 638 88 406 873 439
686 34 333 452 738 248 145
686 644 476 325 784 815 486
687 966 349 447 29 949 288
689 494 383 166 621 405 960
689 982 248 274 487 130 79
690 645 786 610 642 613 459
690 871 992 493 189 878 699
691 415 309 239 976 915 557
691 596 71 191 901 294 793
692 343 151 480 549 950 949
692 746 257 298 917 529 863
693 414 378 115 327 811 848
696 457 718 599 439 761 226
697 216 83 512 427 252 895
698 181 257 467 363 510 344
698 591 752 805 239 550 959
701 0 311 730 520 324 77
701 908 903 218 474 157 280
701 973 72 284 834 596 134
702 8 728 615 249 890 271
703 44 877 380 713 919 822
704 638 915 870 266 198 280
705 400 482 746 28 821 753
705 660 973 724 268 116 723
705 999 50 725 899 388 466
708 297 832 590 411 597 902
708 303 829 406 858 644 661
708 673 380 762 375 287 337
709 757 867 420 437 660 780
710 157 323 642 436 860 611
713 800 218 57 300 464 32
715 514 815 482 467 381 638
715 579 802 614 676 136 296
716 91 350 254 661 434 804
717 385 52 120 621 531 705
717 538 285 438 374 339 352
720 619 895 671 336 475 127
720 794 532 659 806 293 889
720 866 868 303 316 315 333
721 208 339 937 219 481 482
721 552 967 110 331 660 702
722 236 394 300 428 785 708
722 331 25 705 127 150 63
726 1 202 598 893 865 615
726 583 541 683 39 784 237
727 522 179 176 149 509 292
728 995 751 678 721 268 51
731 468 237 133 622 315 71
731 571 654 522 889 604 452
732 632 481 879 478 475 868
733 25 645 991 697 371 890
733 630 321 616 669 268 950
733 891 736 105 988 212 1000
735 415 290 895 792 886 649
736 32 842 830 411 494 417
736 978 765 183 885 97 267
737 51 778 606 743 608 32
738 513 18 160 266 327 140
738 707 656 654 374 100 882
739 402 414 488 251 95 878
741 454 126 423 888 369 912
742 268 259 365 602 948 650
743 491 458 976 673 855 921
743 677 376 488 105 861 527
745 574 1000 20 615 298 639
746 691 415 371 969 516 112
748 392 968 219 633 287 270
748 976 979 672 152 438 514
749 910 404 614 872 310 51
750 962 912 292 265 847 623
753 524 965 226 155 162 358
754 198 955 362 615 730 374
754 241 793 916 844 870 830
755 196 78 794 476 590 642
755 462 841 915 652 21 719
755 746 14 617 103 74 392
756 238 884 673 279 99 238
757 167 25 701 732 585 324
757 288 28 867 29 83 147
757 537 495 480 656 670 468
757 558 922 232 365 888 756
757 598 71 392 157 555 585
757 720 82 18 27 801 753
759 352 886 855 636 843 164
761 893 438 649 725 991 351
762 273 290 457 775 456 261
762 635 792 448 782 686 354
763 541 215 961 666 499 575
767 301 744 207 141 864 33
767 458 355 579 689 334 870
768 79 415 643 844 109 130
768 99 843 98 693 312 477
769 965 882 236 622 145 318
770 1 565 410 955 496 894
770 613 461 435 679 708 851
770 673 708 17 529 920 439
771 550 243 625 215 375 531
772 313 412 868 99 753 709
773 807 789 914 325 350 574
774 248 545 710 436 154 630
778 129 985 222 761 957 284
778 551 367 697 63 908 846
778 779 979 65 13 116 259
779 119 437 175 781 597 94
779 995 469 345 678 506 585
781 946 318 217 351 484 561
782 532 113 62 381 871 824
783 976 770 19 611 43 594
787 76 311 889 973 630 881
788 165 806 977 294 213 888
788 544 257 923 106 610 580
788 824 122 761 271 443 689
790 720 302 371 9 238 812
790 800 759 55 669 359 301
791 378 766 830 364 346 99
793 123 536 176 515 892 282
795 196 135 538 50 853 740
795 223 789 769 311 402 682
795 726 363 666 369 362 484
795 850 142 538 87 697 831
797 483 214 662 939 467 535
797 895 900 235 846 520 606
799 286 839 470 192 136 363
802 325 446 952 7 110 497
802 641 617 321 932 499 508
803 921 756 442 692 425 719
805 3 956 50 747 184 435
807 399 127 139 336 101 597
809 471 655 618 51 829 163
809 815 244 610 327 636 820
810 819 434 284 819 123 331
810 945 684 266 505 792 322
812 125 729 441 931 124 803
812 416 381 787 826 701 621
812 701 481 8 173 236 593
814 197 203 520 697 629 101
819 377 676 280 713 293 447
821 915 79 328 681 693 269
823 218 869 971 167 450 945
824 702 700 946 406 651 85
825 698 106 144 846 992 30
827 579 309 330 612 530 484
828 97 860 477 701 688 888
829 342 954 86 811 486 384
830 829 360 909 665 507 364
830 961 904 15 107 774 360
831 65 347 218 565 775 381
831 583 769 96 836 41 793
832 953 466 148 812 547 385
833 515 291 511 590 540 149
835 292 664 466 26 491 346
835 909 46 682 602 716 775
836 220 305 879 637 839 407
837 532 61 911 185 809 586
839 169 535 456 144 832 630
839 713 291 860 881 373 365
841 420 398 853 529 529 580
848 231 130 936 820 560 133
849 796 748 185 491 871 608
850 945 117 635 371 259 848
854 6 288 60 57 477 793
854 386 702 617 410 318 954
858 481 317 227 343 954 630
860 368 176 732 246 748 52
861 614 702 585 401 403 157
862 780 148 491 115 828 622
864 81 976 84 524 580 21
867 855 275 742 184 44 532
871 82 834 855 440 461 576
871 175 181 723 939 597 614
872 148 522 682 348 24 829
873 322 266 168 797 611 270
874 997 542 767 25 500 889
875 469 306 468 490 13 857
875 893 98 330 192 516 597
876 220 882 778 536 267 616
877 121 291 188 872 748 687
877 137 778 506 571 552 597
877 816 230 517 926 794 5
878 886 46 806 794 781 67
881 534 506 68 327 830 784
883 204 435 695 145 104 893
883 877 564 346 401 869 910
884 599 946 191 712 419 491
885 704 686 34 805 963 691
886 803 835 148 478 919 462
886 912 80 988 867 557 822
892 753 118 767 363 502 101
894 971 896 411 978 972 888
897 738 784 590 278 224 715
898 289 914 924 10 569 805
902 674 798 660 277 366 967
902 834 919 640 709 921 123
903 791 810 897 202 48 644
903 794 73 536 466 970 808
906 523 792 734 105 194 824
907 567 434 532 214 171 676
907 994 568 915 292 453 681
909 278 18 800 553 100 974
910 61 458 192 593 330 40
912 148 122 706 625 599 819
912 330 743 467 122 9 19
913 457 755 898 369 62 915
914 724 535 502 318 920 341
915 505 798 914 597 211 808
917 891 372 246 763 84 690
919 246 143 21 124 409 43
921 399 754 391 118 801 211
922 94 890 369 364 538 104
923 69 10 436 165 607 483
924 686 915 26 765 332 907
925 788 808 498 434 920 130
925 949 93 58 243 488 728
925 965 33 620 719 852 89
927 451 448 40 535 243 497
927 552 327 406 737 242 857
928 108 649 526 542 545 852
928 670 220 371 857 804 686
928 863 361 458 915 319 408
929 245 73 405 450 842 72
932 13 473 461 347 692 332
932 773 852 277 736 246 202
933 294 714 276 733 407 977
933 632 363 918 208 316 108
934 452 670 192 248 650 20
936 30 347 898 917 624 672
936 129 292 382 185 712 225
936 745 400 320 994 372 741
937 301 903 490 485 985 457
938 614 511 801 213 462 277
938 849 460 963 538 899 930
939 276 760 602 293 386 76
942 309 228 694 80 88 21
945 866 249 55 878 451 483
947 864 411 348 530 592 374
947 955 481 859 77 74 610
949 175 171 426 910 790 513
952 702 384 426 270 745 80
954 317 834 148 195 670 23
956 664 70 270 960 848 519
956 796 389 618 526 77 52
957 74 653 174 653 421 478
958 325 384 189 548 728 730
958 891 504 333 48 603 209
959 639 941 686 785 934 127
961 782 99 91 586 715 993
962 424 961 607 202 65 180
963 936 775 373 445 145 861
965 402 248 856 377 942 25
967 161 558 983 663 986 942
971 186 615 799 958 53 757
974 147 628 283 759 20 987
976 829 850 450 591 813 686
977 62 800 165 975 201 10
977 96 478 876 456 63 109
978 190 276 578 320 286 398
979 129 180 647 603 3 552
981 484 185 946 434 165 17
982 373 91 290 85 539 797
983 278 474 590 74 67 978
984 167 936 88 536 141 360
985 365 155 511 494 422 192
986 363 15 474 932 551 670
986 485 399 964 938 531 916
986 503 128 796 409 804 539
987 839 554 843 942 849 458
991 359 994 51 269 598 157
992 282 898 793 88 262 129
994 484 775 345 632 135 47
995 57 510 832 776 637 502
996 427 183 586 799 719 979
998 331 787 183 313 16 404
