10 5
0 1 73 40 81 71 26
0 3 23 8 16 64 76
0 5 14 70 22 1 6
0 6 32 64 91 5 49
0 8 12 77 37 22 81
0 9 38 78 85 98 11
1 0 43 47 77 100 46
1 2 53 73 52 79 94
1 4 87 85 11 21 90
1 5 10 87 60 7 95
2 0 16 88 9 42 29
2 1 75 66 61 35 22
2 7 76 38 100 34 59
2 8 10 33 27 77 82
2 9 89 89 20 14 30
3 5 4 28 81 49 92
4 2 22 72 6 65 29
4 5 54 79 11 65 98
4 7 4 56 35 19 14
5 0 25 56 66 75 57
5 1 80 3 25 25 72
5 2 74 25 27 15 6
5 3 57 4 71 33 61
5 4 66 25 66 69 72
5 7 1 76 4 87 35
5 8 21 35 81 68 45
6 1 5 91 68 11 31
6 3 87 8 22 30 49
6 5 41 48 43 69 6
6 7 34 51 44 28 5
6 8 98 46 38 83 49
6 9 84 15 28 72 92
7 2 80 50 77 57 57
7 3 82 1 51 95 12
7 4 7 96 89 92 13
7 6 2 4 29 10 39
7 8 88 33 74 8 13
7 9 19 16 27 15 80
8 7 2 66 84 36 70
9 1 33 2 49 10 76
9 4 16 35 20 6 63
9 5 74 60 30 48 66
9 8 90 55 47 20 81
