100 5
0 17 18 23 16 66 83
0 27 68 44 1 70 94
0 44 49 56 86 80 87
0 48 10 67 72 68 93
0 53 21 84 86 40 91
0 72 67 45 75 2 27
0 76 60 31 6 59 43
0 95 31 37 40 57 17
0 97 76 85 11 95 60
1 14 85 61 9 30 83
1 17 10 12 23 51 54
1 19 61 17 13 5 24
1 49 46 84 69 82 66
1 52 76 8 57 7 8
1 56 49 24 55 93 100
1 74 85 74 90 15 8
1 80 11 34 17 47 13
1 89 15 48 99 4 3
2 10 59 28 8 71 43
2 23 68 64 15 51 77
2 35 56 60 98 33 78
2 40 88 67 29 18 20
2 55 41 49 7 83 53
2 67 100 42 27 7 24
2 88 48 79 7 94 31
2 91 7 33 52 20 25
2 92 21 53 85 28 61
2 99 60 6 96 79 7
3 8 60 94 38 35 89
3 18 16 53 53 65 20
3 19 19 10 66 38 53
3 20 61 80 78 75 100
3 22 51 88 58 86 69
3 35 62 28 54 58 91
3 44 58 24 5 70 75
3 54 59 94 82 75 5
3 61 5 42 79 50 47
3 81 82 38 39 60 29
3 88 29 59 39 74 91
4 38 30 65 41 86 25
4 46 93 34 26 3 9
4 51 87 84 79 55 85
4 52 23 15 44 25 99
4 67 23 43 43 95 56
4 69 45 65 23 4 15
4 72 98 78 51 34 38
4 78 47 69 92 60 2
4 79 72 56 24 73 20
4 82 76 86 36 9 21
4 97 34 85 4 98 88
5 30 23 9 55 92 60
5 42 32 38 90 48 14
5 51 22 48 60 74 46
5 54 78 90 47 44 98
5 56 33 42 53 45 95
5 62 50 100 97 95 77
5 63 59 69 60 43 77
5 75 61 39 93 17 4
5 93 66 80 49 46 85
5 96 34 43 86 19 88
6 2 4 23 52 61 34
6 12 39 26 85 24 29
6 43 11 87 64 37 30
6 44 35 10 56 71 32
6 60 24 53 98 46 7
6 73 96 69 85 45 86
6 87 30 38 12 89 1
7 4 20 17 42 49 73
7 5 84 20 67 6 81
7 14 10 83 61 78 11
7 15 18 16 79 27 72
7 16 73 51 79 82 53
7 19 49 43 81 96 54
7 27 74 31 90 55 95
7 31 9 30 78 6 15
7 35 53 76 16 99 90
7 46 84 98 40 91 72
7 52 9 13 2 53 73
7 56 37 95 13 81 22
7 73 4 48 55 71 19
7 75 48 52 12 42 85
7 98 25 62 50 17 2
8 1 94 3 88 9 57
8 17 86 10 64 19 14
8 18 61 92 82 3 5
8 29 69 94 39 89 19
8 47 40 66 86 63 37
8 49 74 20 72 66 76
8 82 87 90 98 17 43
8 87 81 90 2 19 99
8 98 62 66 25 22 75
9 40 66 87 84 99 96
9 65 53 16 27 14 37
9 68 63 2 46 17 61
9 91 92 93 70 90 42
9 97 17 3 14 51 67
10 5 91 56 82 87 41
10 21 17 35 14 7 44
10 30 32 15 72 9 62
10 43 83 37 16 46 64
10 64 50 54 7 4 9
10 65 45 41 29 32 86
10 75 64 80 99 37 75
10 99 100 8 41 88 87
11 7 4 34 47 23 3
11 17 64 20 18 55 63
11 44 38 14 64 83 49
11 46 1 75 15 70 21
11 71 22 73 19 20 13
11 80 97 7 21 56 55
11 88 13 76 51 78 14
11 90 86 98 21 22 30
11 91 39 48 60 77 47
11 97 85 60 89 9 26
11 98 42 100 56 72 69
12 0 47 95 46 13 90
12 24 55 20 89 56 76
12 31 22 32 15 85 91
12 35 88 65 17 9 86
12 52 84 37 92 43 11
12 74 23 85 32 13 72
12 90 67 32 74 66 94
13 21 38 4 51 78 31
13 30 17 54 97 67 68
13 32 52 17 76 1 92
13 50 1 59 74 9 55
13 75 80 55 80 54 76
13 83 46 79 25 80 1
13 85 96 59 63 97 42
13 89 39 90 51 71 49
13 99 64 20 35 94 63
14 23 46 50 91 20 11
14 26 26 4 17 79 99
14 36 41 95 71 18 80
14 39 5 78 26 71 83
14 74 59 17 73 25 55
14 99 19 56 25 20 2
15 26 93 43 85 34 45
15 34 42 6 95 11 85
15 40 88 78 7 62 77
15 41 68 54 2 7 65
15 53 73 3 32 76 31
15 81 5 58 20 63 34
16 11 47 78 16 75 43
16 47 52 50 34 25 77
16 48 86 5 39 100 43
16 61 23 86 52 8 95
16 65 93 9 40 75 67
16 75 75 39 89 38 55
16 97 89 76 81 44 88
17 13 70 63 15 20 33
17 27 100 100 40 82 39
17 42 31 74 64 97 49
17 69 70 77 50 27 68
17 70 25 69 71 64 21
17 84 82 55 32 96 6
17 98 68 72 93 92 32
18 0 2 12 3 9 80
18 16 61 51 34 91 58
18 17 89 71 88 89 88
18 19 92 9 55 21 45
18 21 64 89 3 93 59
18 23 27 27 3 66 81
18 26 25 78 12 44 55
18 44 51 91 26 22 1
18 45 66 74 68 1 82
18 51 29 11 86 73 38
18 53 1 1 22 45 53
18 61 28 28 43 89 84
18 75 85 56 7 52 49
18 91 18 11 27 52 22
19 5 23 88 44 16 67
19 9 86 94 2 1 84
19 14 27 75 70 20 16
19 37 25 32 45 38 53
19 40 53 9 100 22 17
19 56 94 19 11 52 78
19 73 92 17 62 1 2
19 84 6 1 90 28 11
20 6 3 18 85 77 54
20 9 8 30 47 8 57
20 26 13 41 12 76 36
20 38 28 82 40 96 70
20 44 50 94 81 81 67
20 48 52 51 75 85 6
20 56 41 47 21 7 49
20 73 46 34 29 22 65
20 86 91 1 33 66 98
20 90 33 65 8 31 61
20 91 49 48 39 86 95
21 13 51 12 3 89 47
21 44 32 43 65 52 80
21 62 52 84 52 93 17
21 72 93 96 11 90 1
21 73 19 82 26 18 25
21 80 64 72 6 45 62
21 88 50 53 93 26 77
22 5 56 87 19 84 53
22 9 8 55 85 72 64
22 12 98 24 18 29 7
22 14 20 80 48 65 5
22 18 65 12 69 11 21
22 19 61 58 34 19 68
22 25 21 18 52 87 85
22 34 39 55 28 20 71
22 92 84 5 17 53 51
23 5 58 86 43 13 18
23 19 40 46 74 87 12
23 46 61 100 66 65 11
23 48 64 14 54 16 29
23 56 32 88 97 36 98
23 59 82 23 91 33 51
23 67 68 22 83 57 60
23 89 95 34 18 5 78
24 0 2 51 42 31 27
24 6 11 4 23 86 3
24 16 37 67 78 70 18
24 41 53 98 93 4 31
24 51 42 48 19 98 90
24 56 5 65 91 97 55
24 58 11 33 83 63 89
24 65 56 61 92 93 53
24 71 9 6 99 96 14
24 76 82 32 72 82 39
24 82 8 57 91 10 75
24 85 91 28 77 43 17
24 86 29 21 15 44 59
24 91 32 33 24 55 2
25 7 6 82 67 23 42
25 14 43 43 20 59 92
25 16 74 82 87 96 77
25 28 27 67 72 64 64
25 29 93 42 81 19 19
25 34 77 73 57 43 87
25 43 11 78 18 15 34
25 44 68 1 100 11 72
25 60 21 20 31 58 33
25 72 11 4 77 99 99
25 79 72 38 41 37 45
25 88 46 56 54 39 61
26 8 59 51 76 17 65
26 13 6 59 85 22 9
26 15 19 13 88 9 98
26 20 77 98 69 79 72
26 38 89 70 57 5 70
26 42 83 60 92 58 4
26 61 15 5 92 87 88
26 68 36 18 2 49 19
26 78 69 43 23 36 80
26 84 5 38 40 27 10
26 88 100 80 39 42 62
26 91 23 17 22 73 68
26 92 88 11 61 24 78
27 1 55 72 31 60 20
27 17 2 100 44 17 18
27 31 21 99 91 81 12
27 33 91 78 81 54 45
27 34 45 51 93 12 84
27 49 93 92 59 84 89
27 50 53 90 69 85 26
27 56 88 61 22 57 24
27 61 26 69 81 34 46
27 64 53 15 50 73 76
27 67 29 6 76 27 57
27 80 51 97 47 87 98
27 87 98 33 64 89 13
27 96 35 65 99 13 50
27 99 85 89 67 76 45
28 1 7 70 27 1 36
28 16 30 54 69 5 53
28 20 1 31 28 88 53
28 25 45 40 13 20 77
28 29 97 75 30 50 36
28 41 65 25 9 91 46
28 47 20 33 91 55 53
28 57 82 29 94 70 16
28 62 48 23 71 90 6
28 63 31 71 15 45 85
28 66 96 43 38 3 83
28 82 63 40 95 80 31
28 88 9 67 46 95 36
28 89 100 13 41 89 42
29 6 22 45 81 1 4
29 12 88 48 26 32 64
29 17 72 2 69 12 42
29 26 67 35 1 11 2
29 42 40 16 85 96 69
29 53 76 88 29 29 99
29 87 87 90 92 3 52
30 8 27 79 10 78 20
30 10 29 89 84 53 91
30 26 13 53 91 24 38
30 27 27 44 65 82 30
30 39 53 65 77 58 8
30 42 78 48 88 33 4
30 44 59 94 33 55 75
30 53 82 8 69 2 13
30 67 60 24 71 2 36
30 75 97 55 67 65 48
31 2 91 29 39 70 82
31 18 37 47 73 86 84
31 30 35 74 32 88 55
31 43 38 25 100 95 3
31 62 60 46 61 94 43
31 65 50 17 31 52 56
32 4 81 77 28 98 88
32 19 21 19 18 19 18
32 23 97 32 19 47 77
32 25 88 75 40 61 85
32 36 34 74 69 92 83
32 40 39 76 28 45 27
32 47 9 83 54 22 77
32 55 20 15 53 32 21
32 64 1 56 23 55 87
32 67 15 31 26 56 89
32 74 42 68 85 62 30
33 2 23 28 36 45 88
33 7 31 26 9 41 10
33 19 8 58 9 35 86
33 27 50 69 100 25 56
33 28 23 16 19 93 47
33 38 68 47 75 15 58
33 48 13 48 45 62 74
33 65 84 36 4 29 48
33 70 89 29 17 25 59
33 71 80 63 66 47 61
33 73 54 32 93 4 44
33 75 47 19 88 20 79
33 91 42 48 3 13 40
33 93 51 34 39 77 77
33 97 71 53 17 23 82
34 3 29 31 16 41 59
34 30 41 93 25 72 28
34 39 33 61 42 29 17
34 60 37 81 52 19 34
34 63 76 29 5 55 78
34 79 66 2 7 61 80
34 87 48 85 37 15 37
35 7 81 81 99 28 66
35 39 23 60 74 22 44
35 42 13 39 9 11 17
35 43 36 32 5 61 47
35 45 64 8 57 68 72
35 47 63 56 41 41 95
35 72 16 77 87 14 71
35 88 4 7 80 99 29
35 93 27 63 38 76 94
35 97 15 26 83 76 65
36 0 56 82 42 12 47
36 56 73 7 95 72 32
36 72 64 86 10 73 54
36 83 2 65 47 21 30
36 87 98 95 52 85 43
36 94 100 65 94 1 50
37 9 37 32 85 58 17
37 14 93 9 1 44 29
37 52 54 40 10 98 15
37 54 92 80 38 85 64
37 56 82 49 67 83 61
37 84 90 28 93 89 42
37 85 90 11 14 70 45
37 96 75 96 94 31 55
38 10 18 86 95 83 5
38 19 26 10 6 51 70
38 48 21 48 44 82 61
38 53 16 45 12 2 52
38 69 95 57 39 68 4
38 88 54 47 87 94 24
38 96 93 79 57 32 55
38 98 41 69 74 79 81
39 31 25 98 46 33 88
39 33 59 12 92 74 37
39 85 73 11 99 82 25
39 90 100 2 13 56 47
40 21 49 27 84 22 11
40 44 47 44 68 47 81
40 48 70 2 33 79 4
40 69 96 81 96 35 94
40 79 69 63 79 24 58
40 90 46 24 18 96 6
41 9 36 21 5 100 83
41 19 97 97 31 13 5
41 22 64 9 34 20 72
41 34 60 29 99 43 91
41 42 57 21 47 67 74
41 44 95 37 34 72 57
41 68 88 6 25 6 81
41 70 92 48 71 46 66
41 80 24 30 36 49 87
41 91 13 66 100 39 52
42 1 14 47 29 45 77
42 3 36 69 35 15 89
42 4 63 11 28 53 96
42 8 12 33 49 4 14
42 9 14 97 96 97 76
42 17 61 38 54 44 4
42 25 28 33 3 20 82
42 48 30 60 24 66 86
42 49 4 34 34 26 33
42 64 49 46 26 11 46
42 69 63 25 64 50 80
42 71 23 47 43 48 63
42 74 39 81 11 55 7
42 76 3 66 91 16 40
42 82 88 45 42 33 93
42 85 73 9 55 69 59
43 10 61 50 98 30 80
43 16 28 91 53 6 49
43 31 96 6 42 3 66
43 34 65 12 52 43 2
43 48 65 68 2 83 56
43 86 31 84 49 5 82
43 87 20 95 4 73 47
43 93 86 87 99 35 91
43 97 94 86 9 8 32
44 1 41 35 74 86 72
44 34 71 62 80 49 54
44 43 80 37 53 64 82
44 46 48 52 11 78 95
44 51 25 7 2 93 57
44 73 10 54 99 7 41
44 81 3 40 74 95 14
44 84 82 1 79 50 95
44 86 31 48 58 42 59
44 95 95 15 84 34 62
44 99 88 55 40 23 80
45 13 38 51 45 38 51
45 14 100 92 70 19 49
45 15 16 44 26 18 34
45 20 91 33 29 3 47
45 23 55 28 97 29 12
45 26 72 99 28 80 40
45 53 37 80 65 1 72
45 58 92 44 96 81 1
45 63 45 21 79 1 52
45 66 79 94 81 66 87
45 77 28 58 98 13 89
45 79 48 90 79 20 71
45 82 29 60 90 73 54
45 98 55 1 77 9 33
46 21 76 100 31 31 96
46 27 84 41 84 23 45
46 32 73 97 61 52 17
46 34 2 93 73 95 46
46 38 28 65 81 72 52
46 40 89 24 29 17 54
46 42 48 13 42 32 15
46 60 81 8 74 8 40
46 68 6 16 14 42 46
46 89 82 43 16 29 39
46 92 45 53 95 79 69
47 3 33 5 60 60 3
47 12 45 85 29 65 50
47 21 75 87 42 57 18
47 64 99 9 92 56 53
47 85 10 94 59 8 20
47 91 16 73 72 87 43
48 13 76 26 63 99 11
48 16 33 86 11 31 40
48 19 29 65 30 89 41
48 22 9 20 58 67 7
48 40 42 1 14 7 40
48 41 77 88 73 41 71
48 46 87 24 95 71 90
48 90 69 67 38 13 62
49 23 54 42 32 60 95
49 28 12 42 15 68 34
49 76 94 15 48 16 66
49 99 44 22 32 38 84
50 0 10 97 28 4 54
50 9 25 7 38 38 24
50 22 96 78 72 22 78
50 27 84 53 92 27 28
50 40 57 72 11 26 51
50 47 61 37 30 55 42
50 49 90 75 97 86 63
50 80 82 26 42 45 20
50 84 32 88 22 29 15
50 94 26 86 60 98 95
50 95 86 37 2 99 99
51 16 55 30 54 87 6
51 30 26 52 37 28 91
51 41 41 97 23 6 23
51 57 10 20 30 3 98
51 58 28 5 18 22 70
51 80 7 60 13 55 48
51 82 42 37 30 50 2
51 91 1 4 45 38 15
51 95 74 20 29 74 43
51 96 56 62 38 60 3
52 37 67 97 90 10 92
52 55 11 39 31 70 61
52 59 11 30 2 12 79
52 86 46 51 11 43 51
52 93 74 94 32 76 42
53 0 55 1 38 81 28
53 18 3 89 64 54 85
53 33 74 13 25 61 22
53 36 73 74 39 53 19
53 38 9 32 71 41 70
53 39 24 78 84 4 8
53 41 45 86 71 11 65
53 49 9 91 69 97 49
53 57 80 84 6 68 71
53 61 47 73 9 87 76
53 76 87 77 98 88 25
53 83 39 83 2 5 84
54 5 49 79 81 62 90
54 11 10 26 39 42 47
54 20 90 85 69 32 48
54 32 28 7 45 28 52
54 47 76 6 18 92 96
54 49 86 53 81 26 69
54 82 77 32 47 43 69
55 4 61 7 95 90 94
55 17 3 90 1 91 97
55 31 52 14 2 62 64
55 35 14 57 75 26 98
55 61 56 92 37 2 23
55 62 85 41 55 11 21
55 65 3 19 61 65 40
55 75 19 65 66 33 67
55 96 41 12 50 5 73
56 3 37 96 81 31 86
56 8 46 4 13 16 16
56 15 29 80 49 87 51
56 17 84 48 83 12 43
56 20 10 36 91 5 97
56 24 14 90 78 37 47
56 43 6 98 65 76 14
56 55 86 84 11 49 45
56 59 56 44 83 7 19
56 63 65 56 6 12 81
56 73 21 18 21 70 80
56 78 25 99 69 8 87
56 98 3 82 49 47 1
57 10 92 72 62 71 58
57 13 87 76 44 51 27
57 16 15 85 5 45 48
57 18 6 71 23 13 47
57 38 73 52 5 51 15
57 40 37 6 45 100 61
57 59 88 38 50 15 7
57 71 100 38 52 29 43
57 79 90 26 40 20 21
57 90 89 19 84 73 74
58 12 39 62 31 11 2
58 25 76 6 27 44 81
58 26 4 89 35 90 51
58 40 64 25 58 76 54
58 44 71 17 60 30 67
58 48 87 5 1 10 20
58 55 35 46 19 15 79
58 59 18 11 48 30 96
58 75 66 12 19 42 55
58 76 91 47 57 11 93
58 81 69 14 88 7 45
58 83 61 5 76 73 32
58 88 100 38 77 45 15
59 28 68 47 93 34 64
59 35 39 7 76 38 70
59 43 45 68 45 11 74
59 48 50 75 70 60 88
59 62 78 4 76 10 77
59 64 63 20 8 4 22
59 86 15 36 93 24 74
59 89 91 6 47 39 9
59 94 21 61 94 83 87
60 29 66 50 84 4 44
60 36 55 61 91 40 63
60 40 21 8 65 97 20
60 44 58 13 5 18 58
60 45 93 10 44 91 71
60 51 20 62 28 86 91
60 68 2 46 69 40 99
60 72 14 12 30 9 2
60 74 72 94 8 23 34
60 77 73 17 39 19 45
60 86 47 74 49 37 51
61 1 59 100 18 40 67
61 2 18 70 73 80 50
61 10 81 32 70 61 10
61 20 54 84 90 86 58
61 38 48 69 100 9 34
61 39 2 97 57 21 31
61 47 85 99 9 19 5
61 48 14 55 79 14 47
61 49 5 93 100 29 35
61 51 57 38 12 11 80
61 58 54 50 40 52 32
62 28 25 57 6 14 67
62 36 33 76 90 28 6
62 52 86 70 40 82 41
62 56 10 89 76 88 8
62 58 67 13 80 15 35
62 77 78 98 80 37 50
62 78 5 74 68 4 83
62 81 51 37 96 21 67
62 87 27 38 80 64 78
63 0 75 11 94 81 33
63 17 53 47 32 4 93
63 42 6 37 12 8 27
63 45 83 50 37 27 17
63 53 43 32 25 53 97
63 72 28 72 71 73 84
63 76 68 60 91 60 92
64 19 55 67 30 19 43
64 32 51 84 55 58 84
64 33 30 94 10 13 12
64 37 78 72 88 82 45
64 43 28 3 55 48 96
64 47 74 11 57 15 75
64 81 94 100 19 98 11
64 84 3 26 45 97 95
64 90 44 35 85 21 98
64 95 7 60 67 12 80
65 14 95 32 23 35 92
65 24 37 88 1 82 28
65 26 24 87 21 58 56
65 51 6 73 88 70 72
65 72 73 52 99 93 68
65 76 28 11 55 96 11
65 81 27 45 69 40 78
65 87 71 1 90 25 13
65 95 11 27 51 8 1
66 3 35 39 25 91 14
66 7 53 55 71 66 4
66 27 45 42 85 46 21
66 52 56 57 86 11 23
66 67 26 85 73 7 27
66 86 74 1 92 72 79
67 11 20 97 67 54 44
67 18 63 57 13 50 74
67 36 22 80 89 7 3
67 40 9 49 36 75 12
67 44 73 39 19 63 54
67 61 63 95 80 12 85
67 65 18 63 72 60 21
67 69 84 19 41 83 67
67 80 78 34 87 98 99
67 90 9 87 8 49 17
68 5 71 92 57 45 18
68 11 68 77 70 43 68
68 19 81 92 81 14 18
68 26 64 53 60 53 73
68 46 99 24 4 47 77
68 54 26 89 1 75 71
68 57 43 51 90 12 2
68 66 43 82 20 64 48
68 69 63 6 55 29 6
68 75 13 32 46 30 18
68 81 47 47 5 93 28
68 87 44 36 28 55 85
68 99 89 62 75 35 53
69 29 3 44 64 75 82
69 43 23 68 4 99 27
69 52 98 37 11 97 18
69 58 16 40 9 14 34
69 67 29 89 57 26 84
69 70 75 24 12 92 42
69 71 44 91 7 87 48
69 74 99 45 100 82 25
69 81 16 48 98 92 28
69 97 37 52 17 100 70
70 6 43 67 28 42 42
70 21 50 24 56 36 34
70 30 56 21 7 48 78
70 38 58 16 4 38 43
70 45 52 21 38 37 32
70 62 29 66 86 12 13
70 66 61 32 71 21 47
70 73 32 39 42 19 11
70 80 37 6 12 98 35
70 89 26 83 14 54 60
70 96 52 81 52 8 83
71 29 50 76 54 99 21
71 48 86 81 79 55 52
71 49 27 80 16 22 81
71 53 25 69 8 17 97
71 74 37 7 6 76 16
72 6 3 7 8 20 72
72 10 56 61 46 55 74
72 22 32 87 33 61 99
72 26 4 62 89 97 7
72 33 90 92 66 27 57
72 36 45 19 56 68 35
72 51 93 71 44 46 96
72 68 93 54 87 71 40
72 75 38 53 30 51 64
72 79 33 69 10 53 34
72 89 96 83 1 81 68
72 92 8 6 72 28 11
73 4 30 17 25 66 57
73 24 50 75 58 100 2
73 27 77 13 85 93 92
73 32 16 96 67 99 14
73 49 96 47 64 100 31
73 63 70 20 30 27 67
73 76 92 42 72 52 86
73 79 19 28 2 100 64
74 20 28 79 13 98 67
74 25 80 91 24 11 54
74 31 6 70 79 28 3
74 32 43 11 95 62 59
74 45 75 63 30 94 31
74 51 11 60 53 5 47
74 70 81 8 6 44 80
74 86 99 50 39 33 40
75 2 13 60 100 87 10
75 10 13 22 24 17 34
75 48 59 46 100 54 61
75 49 7 62 92 18 55
75 61 24 70 80 41 5
75 79 14 97 24 1 3
75 87 65 6 51 70 39
76 3 36 100 3 34 93
76 4 82 26 68 91 25
76 8 21 66 61 65 83
76 15 98 79 35 76 56
76 29 33 86 24 20 50
76 32 52 37 77 46 52
76 41 88 85 35 53 74
76 50 86 34 39 67 23
76 66 34 10 59 53 46
76 79 62 83 42 17 13
76 81 10 46 97 94 97
77 4 17 56 34 24 54
77 5 29 94 43 55 89
77 8 62 16 97 32 98
77 10 63 38 38 93 63
77 18 21 8 90 29 12
77 22 94 42 8 90 82
77 32 96 96 73 55 41
77 36 46 74 45 48 79
77 41 62 36 75 18 43
77 81 100 10 40 77 3
77 91 58 16 19 87 45
78 6 90 7 20 39 11
78 10 47 22 58 63 19
78 13 29 52 80 1 32
78 29 27 32 14 19 63
78 30 78 46 16 15 26
78 31 38 42 47 72 51
78 33 28 38 38 91 57
78 35 77 16 97 96 45
78 39 81 56 12 23 81
78 45 65 82 5 36 13
78 48 82 37 6 27 38
78 49 55 65 62 27 55
78 58 56 35 36 48 19
78 60 91 13 54 36 67
78 61 49 14 90 78 71
78 68 49 91 21 91 41
78 77 90 36 37 51 15
78 94 8 75 45 92 77
79 1 69 39 6 84 20
79 6 60 68 96 3 72
79 14 100 20 25 48 44
79 32 98 57 85 93 30
79 39 94 52 76 65 85
79 41 95 6 18 19 31
79 65 51 74 29 11 27
79 66 83 5 40 86 7
79 72 37 43 94 86 40
79 80 8 31 89 79 74
79 81 36 91 99 19 20
79 90 66 37 25 12 64
80 9 1 59 96 18 66
80 25 98 56 76 43 83
80 48 94 82 15 19 91
80 51 80 25 81 89 13
80 56 27 90 61 80 89
80 61 51 37 79 6 14
80 77 28 28 78 42 7
80 79 94 4 86 55 92
80 90 75 49 30 98 52
80 91 23 19 100 94 10
80 92 96 49 2 10 91
80 93 15 27 38 1 80
81 15 26 62 23 42 23
81 25 77 55 56 2 33
81 36 53 31 5 7 3
81 38 48 31 64 64 20
81 44 34 60 21 77 99
81 66 36 88 75 11 76
81 69 49 52 70 1 34
81 79 80 27 73 90 74
81 88 66 15 28 8 76
81 90 91 17 75 83 25
82 0 15 35 92 68 66
82 9 57 4 7 48 93
82 29 26 51 53 95 18
82 34 67 72 21 27 15
82 45 59 2 51 87 70
82 73 4 98 16 61 25
82 89 45 99 86 95 77
83 2 65 49 83 92 52
83 4 96 44 60 79 36
83 6 1 31 18 63 88
83 8 92 70 61 3 89
83 13 74 46 44 93 96
83 25 75 34 85 74 16
83 37 31 70 12 40 49
83 54 7 70 28 23 75
83 75 2 17 55 17 3
84 45 12 60 15 34 21
84 56 11 49 59 47 29
84 61 14 4 41 82 97
84 64 76 17 69 49 68
84 70 56 61 59 31 76
84 72 40 75 81 31 48
84 75 17 51 46 46 85
84 98 86 77 51 45 39
85 18 24 43 49 49 55
85 21 86 10 63 77 12
85 26 87 35 33 80 4
85 34 80 3 91 46 40
85 38 2 22 49 35 7
85 40 36 56 73 92 28
85 69 50 55 15 19 69
85 72 33 21 90 21 70
85 82 85 28 42 85 62
85 88 82 3 1 98 36
86 4 71 49 84 91 1
86 21 90 52 45 29 15
86 22 87 85 58 59 56
86 42 77 18 21 97 99
86 56 57 16 32 58 11
86 60 74 36 40 54 75
86 64 76 67 18 16 65
86 66 32 40 55 1 91
86 75 90 27 24 10 3
86 81 35 79 31 59 12
86 84 67 70 69 66 41
87 1 54 86 75 78 9
87 4 49 33 90 53 58
87 11 91 76 80 12 37
87 16 45 14 80 9 73
87 25 70 45 77 68 34
87 26 46 42 29 71 24
87 31 53 99 61 63 54
87 42 11 25 2 62 66
87 63 96 91 87 98 58
87 66 9 16 37 52 13
87 75 13 31 46 42 45
87 78 47 74 83 49 82
87 82 98 14 61 18 76
87 99 36 17 81 80 81
88 17 15 27 28 43 45
88 29 27 27 48 69 39
88 39 63 33 85 15 65
88 45 93 68 74 68 72
88 53 78 69 8 41 41
88 56 21 12 57 45 73
88 60 4 10 28 57 5
88 63 35 10 53 53 30
88 77 93 33 53 10 21
88 84 7 1 84 13 75
89 6 66 75 90 30 41
89 13 55 35 27 54 77
89 14 12 87 32 92 85
89 38 28 20 19 9 91
89 40 27 69 95 73 88
89 66 47 99 22 85 26
89 79 24 27 29 55 16
89 96 2 48 4 18 15
89 99 93 60 65 41 66
90 6 26 67 87 45 100
90 17 90 45 77 89 24
90 27 86 96 45 59 36
90 40 77 57 65 91 29
90 44 69 37 87 73 12
90 50 56 99 98 82 42
90 51 72 85 19 75 33
90 54 79 77 69 41 27
90 56 76 35 66 19 99
90 77 90 67 28 45 79
90 85 100 30 90 38 97
90 95 4 82 64 75 43
90 98 94 59 46 44 87
91 2 32 72 17 5 39
91 47 22 28 99 65 34
91 72 23 82 89 52 60
91 85 69 15 8 21 20
92 0 96 74 42 76 44
92 3 10 19 17 86 36
92 9 92 6 36 54 49
92 11 53 67 36 63 97
92 29 46 61 39 70 18
92 31 99 31 57 77 50
92 45 50 52 91 17 90
92 46 80 54 18 90 92
92 47 89 13 60 60 17
92 49 12 7 77 59 39
92 59 95 78 72 27 70
92 67 13 27 2 31 46
92 82 47 27 83 87 19
92 99 87 25 75 2 77
93 1 90 49 76 14 32
93 22 36 88 51 94 77
93 24 53 38 14 40 59
93 28 16 45 26 15 55
93 33 22 18 58 83 70
93 49 81 71 23 88 32
93 75 86 66 85 51 93
93 82 16 62 23 31 89
93 83 41 95 89 67 24
93 85 14 25 10 63 4
94 14 73 63 79 15 52
94 18 1 76 8 5 7
94 21 100 14 55 53 76
94 24 69 22 22 35 71
94 39 21 23 42 35 27
94 40 45 65 2 55 97
94 44 45 89 13 100 94
94 51 87 48 97 30 32
94 61 85 18 75 32 4
94 69 84 65 60 80 84
94 83 25 13 65 75 69
94 88 100 10 54 53 32
94 93 54 62 84 94 53
95 34 87 58 23 54 55
95 43 30 92 39 14 3
95 45 20 52 26 69 84
95 51 48 5 61 47 83
95 58 73 69 51 14 7
95 68 66 54 59 84 33
95 70 76 47 71 43 28
95 77 37 47 47 62 21
96 8 46 67 24 63 95
96 22 52 53 21 7 45
96 25 98 3 57 81 5
96 34 8 58 100 36 42
96 75 23 93 15 18 72
96 76 37 31 1 39 63
96 90 35 64 10 86 55
96 92 73 82 38 44 58
96 93 20 61 35 6 41
97 6 1 83 6 76 6
97 14 48 89 5 95 73
97 21 81 95 53 35 60
97 30 20 79 81 50 10
97 39 59 76 82 11 19
97 40 89 68 69 19 80
97 41 25 44 17 85 16
97 51 43 37 45 79 96
97 52 44 61 13 1 72
97 82 82 97 46 63 3
97 93 17 61 21 52 10
98 6 50 87 60 75 64
98 8 86 18 24 93 76
98 27 69 77 7 93 25
98 37 13 8 5 34 81
98 56 24 10 94 17 45
98 68 56 7 29 17 61
98 71 10 55 70 29 41
98 96 65 95 24 100 50
99 10 64 15 84 34 2
99 35 15 26 65 37 1
99 67 25 11 3 63 82
99 76 26 18 72 76 20
