100 5
0 97 38 84 53 54 81
6 18 78 55 79 43 72
6 50 24 25 17 2 2
9 35 93 29 35 3 81
10 21 24 99 28 41 38
10 59 76 72 61 7 37
10 99 43 38 77 73 56
11 99 58 3 10 53 82
13 9 8 82 78 53 56
14 88 60 31 70 44 86
15 13 41 67 91 43 92
15 34 33 53 12 12 80
15 60 88 90 11 55 74
16 87 5 18 30 97 29
17 29 37 71 84 87 40
17 98 85 21 33 29 86
18 13 61 28 65 15 80
18 52 23 31 62 18 80
22 30 22 69 4 61 38
23 7 45 9 88 57 88
23 54 4 78 93 21 92
23 90 92 47 29 98 99
26 14 26 3 3 92 84
26 19 2 47 72 29 94
26 43 85 44 81 29 85
27 68 19 80 32 31 6
27 75 19 98 12 97 50
28 11 32 38 14 21 60
28 56 88 6 66 23 8
28 62 56 94 41 34 86
28 65 36 94 5 18 60
31 46 21 64 91 61 73
31 62 93 90 50 48 27
32 12 80 98 71 56 29
34 78 79 54 7 86 41
34 99 55 71 67 65 34
35 36 99 1 10 18 17
37 76 80 46 81 60 56
38 48 72 72 35 55 4
38 83 64 80 98 6 39
38 92 16 9 56 30 52
39 85 70 32 67 18 26
41 99 99 36 23 37 24
42 32 30 96 58 30 83
44 40 49 57 77 27 49
44 52 54 4 14 89 50
45 28 2 98 34 49 22
45 65 66 23 99 95 82
45 66 96 42 84 45 90
45 76 5 72 92 91 16
47 30 97 3 3 5 89
47 75 30 85 16 90 72
48 70 59 28 20 23 79
49 27 86 58 73 51 28
50 96 13 70 56 59 76
53 9 3 21 62 32 70
53 15 13 95 18 60 80
54 15 10 14 12 76 43
54 64 94 13 51 43 70
55 52 14 63 76 45 22
55 88 59 91 42 41 8
55 97 69 49 28 73 37
57 63 85 98 92 77 61
62 29 19 41 21 42 13
62 78 64 31 77 82 91
63 84 7 39 2 45 6
64 67 25 3 22 87 7
66 1 52 32 32 94 93
66 24 41 80 94 2 62
69 14 82 58 86 82 52
69 71 74 14 62 96 55
74 23 5 23 36 18 84
74 42 87 13 16 32 89
74 59 57 48 69 30 20
76 1 89 98 86 76 68
80 59 46 37 76 98 34
81 8 77 50 47 55 17
81 14 56 84 48 31 26
82 71 52 48 32 99 57
82 94 29 11 47 20 82
83 29 16 2 4 3 42
84 91 10 71 25 82 70
85 0 37 76 7 7 21
85 32 17 63 38 85 11
86 72 33 23 36 54 98
87 5 76 100 28 4 72
87 19 56 57 42 71 33
88 13 62 28 6 38 50
88 97 78 21 22 24 45
89 84 54 35 97 64 90
90 42 79 52 49 23 80
90 79 36 40 20 78 55
91 1 23 16 73 93 69
91 12 21 68 85 8 1
91 35 22 100 87 15 72
92 28 5 71 54 2 87
93 19 89 67 74 77 88
94 33 49 49 40 3 57
94 93 51 26 16 68 68
95 2 19 88 35 79 75
95 57 1 40 26 36 34
96 63 53 36 32 33 37
98 55 61 85 37 29 18
99 55 99 64 23 40 37
99 78 98 99 9 64 53
