100 10
0 12 63 86 93 40 29 54 58 100 27 80
0 18 29 6 69 80 91 18 49 6 16 70
0 20 30 46 56 68 97 99 58 46 44 89
0 46 62 12 44 42 6 15 36 4 34 69
0 47 72 98 24 85 65 95 12 7 92 54
0 64 58 32 21 51 21 47 90 19 45 99
0 79 75 47 34 53 85 56 61 75 8 50
0 84 93 75 6 23 57 65 19 32 20 42
1 14 93 11 59 1 98 68 9 97 62 43
1 23 54 12 85 47 73 78 27 24 59 21
1 27 23 78 83 16 82 43 89 64 81 88
1 53 71 4 100 34 73 51 74 69 92 11
1 59 7 10 34 76 57 66 94 87 64 97
1 73 92 77 52 71 86 56 83 48 52 82
1 96 46 18 28 67 41 15 62 82 93 54
2 57 1 20 12 46 12 61 79 10 8 59
2 62 11 18 28 35 66 74 8 24 95 65
2 82 40 40 41 26 38 43 33 9 37 20
3 30 26 93 80 14 56 39 23 21 38 86
3 45 38 76 98 5 17 9 28 97 92 16
3 91 11 100 26 10 78 83 7 37 46 49
4 3 71 59 31 24 98 19 72 56 97 18
4 49 61 35 28 14 72 2 18 38 49 14
4 70 4 53 89 86 43 82 83 29 83 57
4 81 19 24 82 61 63 2 49 23 5 98
4 88 13 35 54 34 81 24 10 46 90 43
4 98 6 10 7 85 88 81 63 22 2 58
5 13 44 88 10 66 12 56 99 19 58 55
5 23 89 2 71 25 84 56 6 4 73 12
5 87 9 83 89 7 65 32 46 78 36 51
6 16 24 17 28 100 6 25 90 43 36 56
6 38 36 85 91 46 98 93 83 75 10 45
6 43 23 89 100 50 53 4 7 85 34 85
6 60 10 7 36 33 36 23 35 52 93 18
6 76 5 58 86 94 56 77 58 43 37 22
6 82 100 74 57 39 96 10 33 22 25 21
7 14 93 89 54 10 67 4 66 17 94 22
7 49 91 89 92 62 32 67 77 69 73 64
7 52 27 78 9 86 43 14 92 70 53 25
7 58 75 44 60 80 89 90 22 44 88 39
8 10 16 74 4 67 13 35 15 46 4 46
8 13 3 14 42 84 46 97 94 70 47 47
8 32 37 61 22 70 81 55 23 12 8 65
8 40 96 93 13 74 76 50 21 56 65 70
8 47 2 97 99 83 71 91 15 1 64 29
8 71 16 91 13 74 48 17 31 73 43 67
8 73 8 94 81 57 72 77 58 58 14 14
8 96 67 73 5 100 9 76 40 53 1 78
9 56 33 67 91 88 41 46 61 16 42 91
9 66 89 24 89 92 5 43 58 99 16 10
9 84 74 69 27 94 60 61 1 87 99 18
9 92 55 80 74 88 96 16 46 78 69 35
10 1 68 97 8 76 37 84 6 63 58 77
10 34 97 52 55 83 95 24 69 30 62 76
10 63 38 91 99 13 64 45 95 60 76 86
10 93 95 34 60 1 74 44 8 13 73 36
11 2 65 88 92 30 7 94 43 84 40 20
11 49 85 23 87 81 99 24 8 8 52 43
11 56 60 22 95 32 37 7 41 42 39 47
11 93 29 66 79 30 86 97 75 22 40 78
11 94 57 20 95 99 82 90 77 24 17 82
12 6 68 97 60 49 82 1 68 43 43 42
12 16 82 100 26 26 75 92 66 5 72 22
12 44 54 53 52 75 73 14 41 12 19 63
12 50 57 30 86 82 1 62 56 12 87 21
12 52 65 82 100 36 15 74 66 79 46 86
12 58 32 40 90 45 30 54 83 87 4 22
12 88 75 21 49 22 49 34 67 79 94 26
13 22 16 11 40 67 2 20 51 23 59 65
13 33 80 58 7 19 15 10 15 99 2 5
13 36 49 26 24 67 9 98 40 56 37 23
13 39 49 69 23 84 3 26 83 62 44 87
13 40 84 27 45 37 51 9 2 70 4 49
13 56 22 69 6 31 74 100 79 51 23 24
13 60 58 19 60 69 84 98 21 25 55 91
13 66 73 11 30 6 93 1 14 86 23 24
13 76 71 87 6 25 71 36 30 69 12 21
13 87 60 32 100 53 22 6 75 15 13 91
14 19 79 72 28 5 3 18 92 54 3 1
14 25 60 12 21 89 32 94 79 20 91 55
14 32 55 85 28 52 76 7 62 89 27 68
14 57 43 13 37 61 67 2 80 75 10 72
14 79 36 69 98 71 58 34 45 44 71 1
14 92 92 72 45 59 60 11 38 97 95 3
15 12 22 64 72 11 40 35 95 40 8 3
15 13 29 29 34 22 32 91 23 13 46 30
15 46 84 3 50 93 13 66 71 26 25 40
15 57 72 9 93 68 96 31 15 72 5 69
15 76 94 16 39 53 87 78 50 82 10 87
16 1 26 45 64 35 39 24 88 44 36 40
16 30 25 42 76 24 33 84 48 14 95 37
16 47 100 9 85 33 52 12 17 5 47 12
16 51 76 22 89 39 57 25 83 93 76 78
16 62 8 90 12 63 10 89 83 93 24 83
16 82 67 20 31 80 73 15 74 47 25 16
17 46 47 91 9 87 23 50 89 22 23 34
17 51 41 38 29 10 73 59 82 3 18 46
17 54 91 37 9 21 60 80 27 82 74 78
17 64 7 64 43 7 59 33 55 80 56 58
17 67 38 16 32 59 77 62 39 83 13 82
17 87 41 25 86 90 40 93 37 21 92 48
18 2 21 52 85 86 84 63 57 16 30 89
18 8 18 61 4 81 51 9 13 48 41 74
18 41 84 69 52 76 10 8 51 54 85 50
18 46 16 11 76 22 94 63 47 79 73 100
18 53 43 15 98 13 42 50 74 28 59 15
18 68 89 23 79 8 71 90 59 48 66 14
18 74 56 31 57 30 97 62 71 60 66 86
18 92 10 28 40 71 3 6 93 88 74 53
18 96 84 56 22 28 51 35 92 35 85 4
19 25 59 31 56 90 86 24 60 74 100 21
19 34 92 41 45 20 10 63 53 68 95 98
19 83 78 39 83 67 42 31 93 6 30 86
19 87 98 8 89 66 75 84 97 92 66 36
20 4 76 43 42 81 36 28 22 31 58 50
20 90 91 73 55 18 58 47 30 65 63 84
21 2 60 18 16 31 88 43 28 85 51 51
21 66 14 25 23 76 27 11 80 47 100 86
21 67 83 21 23 90 41 46 64 8 56 78
22 13 81 14 6 74 47 94 37 58 29 83
22 50 39 17 23 61 49 48 18 38 44 32
22 54 1 78 59 42 26 54 100 10 73 64
23 2 74 51 89 30 62 44 54 25 12 59
23 3 2 77 65 74 66 53 55 61 46 75
23 22 65 90 54 64 84 52 62 20 3 99
23 47 46 18 47 43 49 31 48 68 89 85
23 51 13 22 41 56 83 16 70 99 42 94
23 65 94 7 13 70 84 49 17 76 88 39
23 80 77 27 35 19 3 5 7 82 97 89
24 58 25 79 10 20 20 64 50 52 51 98
24 75 52 13 44 86 26 46 11 99 79 15
24 97 23 85 78 31 1 13 32 52 48 15
25 20 63 98 3 15 28 74 89 45 19 22
25 43 11 91 29 49 28 4 60 24 2 33
25 44 58 73 89 38 36 73 10 48 71 60
25 78 61 54 6 38 41 41 61 57 24 69
25 79 68 22 87 6 42 95 40 37 49 45
25 91 88 65 31 3 70 10 23 98 47 63
26 4 19 18 85 91 67 95 32 99 68 50
26 14 70 94 55 47 84 24 54 72 78 66
26 22 22 16 95 37 30 89 75 75 88 16
26 28 46 77 17 53 12 41 83 91 60 65
26 52 5 20 93 20 26 58 57 36 91 82
26 60 98 46 25 30 51 18 52 20 87 43
26 70 24 90 13 35 43 75 45 16 64 86
26 84 18 59 50 21 11 66 14 80 6 63
26 87 53 71 93 62 56 7 85 3 45 8
27 12 39 80 69 100 13 99 25 73 41 74
27 36 58 96 84 75 79 96 41 35 59 31
27 84 96 47 74 11 28 84 13 35 33 33
27 85 90 56 38 40 24 5 46 9 6 31
28 41 21 89 74 40 6 59 90 90 99 26
28 43 35 100 72 82 28 18 65 89 42 53
28 49 19 75 33 76 76 66 15 77 87 38
28 59 88 67 11 58 98 81 28 27 30 39
28 64 90 16 37 42 14 83 3 46 54 88
28 98 66 22 100 61 30 81 77 75 38 38
29 5 47 85 83 27 11 8 65 21 99 100
29 14 26 4 92 18 85 16 27 62 64 35
29 18 3 45 8 21 3 61 52 11 81 57
29 19 62 89 48 98 99 39 9 63 63 7
29 33 16 83 72 27 93 56 84 32 57 57
29 49 98 86 11 25 73 47 87 19 44 80
29 73 89 76 25 78 1 6 13 65 54 27
29 86 16 63 90 30 80 94 57 55 70 66
30 4 73 39 58 73 37 57 27 22 14 93
30 5 99 15 5 35 76 84 35 2 40 17
30 17 52 97 7 95 45 7 80 16 19 73
30 33 32 17 43 80 96 65 52 41 74 42
30 41 89 76 25 6 17 74 29 71 51 35
30 91 84 100 53 78 23 15 10 1 54 29
31 1 3 42 45 50 4 21 39 34 61 76
31 2 66 3 60 77 10 18 2 51 12 34
31 3 88 56 72 71 68 13 44 73 49 33
31 22 44 87 6 71 54 69 35 39 14 54
31 51 58 70 66 64 92 66 11 65 79 89
31 92 5 34 89 65 50 87 5 23 54 29
32 60 68 37 3 63 43 55 5 52 16 70
32 74 10 57 29 78 88 73 6 96 18 50
32 87 28 53 100 86 83 64 25 72 100 84
32 93 94 83 58 7 43 26 65 34 12 6
33 30 49 28 33 46 78 74 93 30 26 93
33 43 91 50 65 66 93 86 81 46 58 74
33 58 9 65 16 99 61 55 9 68 7 19
33 63 57 54 30 63 81 35 24 4 95 94
33 98 17 99 79 60 71 73 11 46 47 58
34 7 39 29 10 89 17 3 54 11 61 65
34 22 82 98 45 42 5 11 26 84 51 70
34 44 87 60 18 49 82 19 46 89 57 41
34 65 71 45 10 66 82 12 29 38 27 76
34 74 2 74 33 36 72 76 38 77 60 69
35 11 96 11 54 96 78 26 52 99 64 20
35 53 10 28 89 10 32 24 88 37 8 59
36 2 89 8 1 63 91 43 6 98 36 84
36 39 4 27 73 30 20 73 81 80 98 45
36 47 25 79 51 81 73 80 9 19 14 22
36 61 8 91 33 84 39 9 65 38 56 32
36 62 61 73 11 46 72 65 17 49 87 24
37 9 62 7 77 57 65 40 98 43 16 90
37 24 32 95 6 67 64 93 19 45 97 47
37 63 45 7 23 35 96 53 62 69 47 77
37 85 92 20 91 76 62 97 50 50 47 65
37 87 34 86 6 53 37 61 78 3 55 68
37 95 50 70 7 15 2 80 61 67 77 89
38 3 56 11 47 81 70 44 74 54 53 97
38 5 25 7 37 19 57 15 18 92 63 96
38 15 44 20 43 91 46 2 17 43 84 47
38 60 92 88 38 96 99 26 68 62 33 39
38 62 90 52 10 8 20 59 18 13 83 38
38 63 51 29 15 9 72 3 15 93 59 63
38 75 17 99 46 51 11 17 41 56 94 4
38 90 99 84 79 48 41 6 76 92 38 56
39 17 15 70 41 45 93 10 49 2 68 26
39 18 12 46 29 1 91 54 33 14 28 78
39 40 88 73 93 81 31 46 80 27 81 19
39 42 85 36 4 50 92 49 37 14 10 100
39 67 27 5 92 100 47 66 76 70 20 8
40 0 30 89 9 11 39 75 60 70 90 48
40 44 8 17 21 6 58 85 96 72 96 87
40 55 16 22 33 16 92 65 34 45 74 48
40 68 89 1 10 12 100 62 19 42 46 64
40 90 53 25 30 5 100 14 62 77 14 87
40 97 96 79 9 46 90 37 31 29 52 21
41 83 57 25 28 67 20 33 80 40 92 26
41 88 99 62 4 92 31 94 53 49 39 99
41 98 28 86 25 93 44 60 13 32 94 94
42 37 62 90 9 9 52 98 62 23 2 13
43 24 93 86 57 43 62 3 30 34 46 98
43 54 37 6 71 42 58 96 56 61 17 81
43 76 45 53 11 35 88 96 3 3 21 29
43 90 42 28 41 19 27 15 70 35 79 25
44 32 14 94 85 29 31 89 21 89 78 6
44 42 46 84 58 59 59 3 84 54 54 7
44 71 4 39 12 27 1 57 19 57 74 23
44 81 31 52 63 28 31 40 14 91 21 78
45 2 9 26 70 85 36 86 86 58 64 92
45 8 31 50 69 79 38 34 90 30 10 62
45 30 64 9 12 20 29 59 85 80 25 26
45 35 74 34 26 64 26 89 24 66 44 21
45 41 47 53 48 34 18 40 91 38 51 9
45 57 55 50 56 71 60 83 67 8 74 58
45 71 38 57 26 94 54 72 41 74 71 85
45 88 83 56 22 82 92 49 9 42 30 19
46 2 5 51 72 94 80 40 20 6 8 87
46 13 5 16 23 6 13 83 92 6 6 68
46 14 4 46 1 53 79 46 88 48 14 95
46 61 13 5 70 97 48 61 49 79 55 96
46 62 20 84 31 85 46 27 31 18 40 74
46 67 19 87 8 80 42 19 34 35 9 76
46 79 100 34 21 91 9 45 39 86 100 25
46 87 29 68 62 97 68 28 38 16 97 72
47 1 62 53 52 31 28 57 88 4 7 54
47 62 40 95 61 55 32 96 87 2 12 17
47 75 85 80 6 43 34 1 61 75 54 11
47 89 87 43 68 57 84 63 69 54 47 69
47 95 29 77 96 20 50 68 1 57 23 61
48 26 12 97 51 2 9 7 19 41 41 32
48 39 92 62 99 86 48 25 99 24 45 74
48 45 26 12 74 45 98 33 72 19 35 32
48 74 54 66 87 57 44 93 98 90 52 23
48 84 78 1 72 54 95 11 17 75 71 19
49 9 58 4 69 50 32 4 93 57 78 69
49 15 27 20 67 82 89 31 39 48 84 35
49 21 22 52 68 37 47 50 64 47 45 18
49 28 12 64 61 28 43 7 55 49 52 52
49 31 65 97 40 79 68 35 35 50 24 100
49 78 88 47 32 96 61 14 92 43 18 89
50 10 42 83 35 77 74 54 50 32 54 39
50 11 53 38 49 5 1 84 8 100 1 37
50 27 83 31 67 80 37 62 33 67 37 55
50 36 46 13 80 74 89 9 4 89 63 69
50 75 35 45 55 6 14 52 34 41 14 77
51 7 71 6 74 15 66 24 100 43 49 26
51 37 41 46 94 81 82 74 43 76 50 28
52 10 71 37 78 93 41 27 92 85 40 82
52 19 98 67 97 59 22 75 83 74 66 47
52 25 45 13 76 67 3 10 50 20 89 92
52 37 18 75 67 39 39 41 35 51 49 57
52 58 33 47 43 24 89 29 99 65 50 96
52 67 48 28 51 83 18 21 25 88 70 38
52 79 54 36 15 66 26 35 73 30 18 93
53 9 40 100 78 29 33 40 77 88 32 40
53 47 33 11 80 29 55 5 85 53 27 25
53 50 30 43 54 32 19 47 93 38 62 18
53 97 61 56 41 82 84 75 83 50 33 94
54 1 62 46 31 37 58 78 22 75 96 84
54 41 81 46 34 54 50 4 65 92 47 6
54 64 66 27 92 70 28 84 21 27 65 51
54 74 28 28 5 92 29 49 7 69 42 52
54 77 38 33 53 63 96 49 56 55 58 26
54 78 60 21 28 9 13 72 91 51 68 26
54 87 40 97 99 67 27 22 13 80 52 66
54 99 39 23 38 5 95 81 67 33 5 15
55 12 32 86 84 29 37 70 63 38 42 60
55 21 30 46 6 64 100 18 94 65 59 75
55 65 61 29 45 60 67 60 28 52 83 61
55 66 4 68 93 44 55 59 41 5 12 99
55 94 95 28 32 37 50 42 53 6 42 13
55 96 7 20 61 21 57 32 26 88 31 3
56 7 31 79 31 93 94 1 52 8 51 14
56 16 44 81 34 45 99 57 96 70 54 60
56 25 48 63 92 90 5 91 93 18 54 31
56 34 9 92 80 6 31 19 49 20 84 37
56 75 70 62 32 44 40 12 6 90 48 20
56 86 74 53 82 68 73 22 98 77 59 59
57 8 85 49 8 81 40 57 91 47 13 63
57 40 2 12 5 83 70 19 70 26 83 55
57 89 66 56 68 98 24 96 82 56 91 51
57 99 48 76 40 80 75 51 72 54 60 6
58 1 5 65 41 92 56 9 36 100 45 11
58 6 30 58 89 69 81 84 40 4 64 44
58 30 91 6 52 17 50 83 18 66 90 61
58 77 53 87 57 77 85 80 72 7 17 68
58 80 51 21 56 85 78 56 41 42 90 97
58 89 89 75 100 68 89 70 1 69 61 89
58 92 83 90 19 80 90 96 54 93 35 32
59 2 11 17 34 79 36 73 91 67 18 20
59 3 85 69 58 83 69 45 50 49 59 71
59 9 69 62 98 89 88 27 98 37 10 25
59 21 45 54 100 14 12 11 94 85 71 19
59 24 63 9 40 49 53 14 47 44 97 12
59 58 2 2 32 60 22 93 12 71 86 50
59 69 14 50 56 30 5 84 68 38 70 42
59 94 3 27 73 75 38 89 51 92 11 40
60 7 71 79 73 21 45 70 58 16 56 44
60 11 9 66 63 85 78 13 20 63 43 63
60 13 81 98 44 55 24 26 26 37 79 27
60 39 21 93 71 87 54 97 16 43 24 15
60 80 54 97 77 10 91 90 84 7 36 88
61 27 18 82 45 42 75 56 8 37 63 94
61 40 71 7 12 90 98 77 54 56 31 87
61 42 27 50 81 57 40 75 77 68 23 47
61 84 73 89 47 70 55 37 13 39 44 67
62 10 81 2 69 33 93 44 12 70 52 99
62 19 100 89 58 45 74 24 43 1 85 24
62 20 92 12 4 72 85 51 43 22 92 71
62 36 48 28 8 34 3 13 23 1 59 46
62 91 57 21 55 47 20 24 57 93 1 91
63 15 97 74 51 87 56 16 25 51 62 45
63 48 69 17 81 44 16 27 10 4 88 41
63 76 51 85 60 17 88 2 62 74 80 50
63 77 61 5 52 54 45 95 42 28 100 81
64 8 92 36 18 75 85 50 79 71 48 47
64 30 71 24 42 91 5 15 64 47 69 51
64 35 68 7 32 42 45 7 59 26 89 59
64 45 46 7 48 17 84 64 14 77 5 43
64 73 86 28 49 5 62 48 90 43 87 51
64 84 7 77 60 44 78 76 95 32 61 67
65 11 37 70 11 81 79 30 22 15 60 26
65 23 28 48 89 38 63 48 31 82 74 68
65 26 13 30 52 57 87 82 67 74 25 48
65 41 89 65 94 98 3 77 71 51 72 78
65 54 37 2 97 92 12 68 73 33 89 16
65 67 80 74 26 61 47 41 21 21 16 36
65 81 98 4 77 52 93 10 51 29 28 64
65 84 59 22 90 59 35 1 16 86 63 13
65 85 21 5 88 50 26 96 61 66 31 73
66 13 19 25 85 34 3 29 80 78 74 30
66 20 63 11 27 59 12 93 88 39 27 68
66 26 5 62 4 3 4 25 43 92 42 42
66 34 71 42 93 98 54 40 95 77 94 59
66 61 41 19 12 2 44 52 23 14 78 68
66 97 87 56 79 72 18 20 46 30 5 14
67 22 24 14 4 77 31 92 36 45 93 75
67 41 89 79 13 21 76 75 63 30 82 86
67 65 57 71 84 13 74 9 18 86 26 34
67 76 29 93 1 78 59 58 43 85 61 42
68 0 91 78 43 8 90 98 71 41 41 42
68 15 40 10 76 11 39 74 70 3 16 100
68 21 46 49 17 34 1 62 28 30 8 87
68 30 35 32 75 7 28 2 18 30 46 30
68 39 15 34 99 54 54 34 58 79 37 18
68 44 99 56 93 96 20 90 47 85 67 90
68 49 95 7 43 25 51 86 34 39 50 91
68 84 13 76 34 51 91 68 55 47 58 6
69 6 98 52 73 81 89 11 93 93 24 71
69 14 46 48 26 99 44 5 28 48 91 16
69 64 3 71 27 71 1 5 34 51 85 59
69 75 76 95 90 25 29 91 5 6 15 40
70 13 16 25 82 59 33 25 53 1 1 48
70 15 72 19 89 13 16 17 56 40 99 39
70 34 46 7 48 60 83 36 88 89 6 98
70 41 4 11 62 48 76 77 62 77 84 50
70 94 87 66 80 2 15 81 91 53 75 51
71 3 97 15 94 81 78 40 53 9 11 14
71 22 99 14 49 97 52 85 27 61 36 2
71 41 95 33 75 11 58 68 44 57 46 83
71 44 60 92 10 42 43 71 73 98 20 6
71 62 45 19 17 7 99 38 65 38 41 28
71 66 95 23 80 20 40 95 70 60 37 47
72 2 92 59 78 6 53 59 26 12 2 27
72 22 90 42 40 92 45 80 78 17 54 53
72 28 95 64 48 95 41 85 62 11 79 60
72 85 11 10 52 88 12 30 54 78 49 40
72 89 42 40 70 70 29 97 29 60 23 10
73 12 92 98 74 20 50 76 74 52 8 32
73 14 15 90 99 97 26 87 8 53 89 27
73 41 33 33 59 92 66 23 54 16 97 26
73 48 49 15 52 15 93 55 84 29 46 90
73 62 93 70 40 34 43 71 82 59 87 89
73 66 68 41 69 74 64 5 62 52 16 94
73 81 62 24 97 19 94 71 74 2 47 31
74 60 51 17 59 31 95 95 6 64 93 1
74 69 69 27 8 71 81 21 57 99 63 62
74 94 13 56 1 49 65 6 82 56 66 86
74 97 29 24 43 69 65 80 30 44 15 75
75 35 86 16 30 22 96 60 96 76 80 11
75 42 11 11 87 85 67 35 32 82 53 37
75 53 82 21 58 100 45 20 56 66 50 53
75 65 14 5 3 48 91 36 81 76 89 55
75 93 4 42 99 76 92 53 35 37 45 8
76 0 25 79 87 69 39 25 33 4 12 36
76 20 63 25 100 37 41 90 35 14 86 28
76 41 43 14 43 80 81 80 52 82 76 81
76 44 14 64 81 84 22 5 37 79 34 8
76 45 74 3 15 16 89 95 43 80 74 10
77 3 38 84 61 52 63 36 76 90 19 39
77 12 89 42 64 53 46 58 73 25 47 74
77 17 54 61 82 39 53 17 68 56 45 63
77 21 18 83 71 83 92 92 74 2 52 62
77 36 65 85 55 16 99 47 30 78 92 15
77 39 45 80 64 33 39 91 2 69 2 13
77 42 29 47 68 9 14 45 32 4 82 81
77 84 42 41 34 2 11 18 85 39 100 98
77 88 93 32 58 50 41 11 70 28 73 73
78 15 41 43 80 81 81 86 60 34 69 59
78 34 95 66 40 25 46 79 1 58 35 86
78 38 21 42 72 11 35 94 97 100 18 88
78 44 91 32 67 2 61 28 88 97 27 82
78 48 4 24 12 64 15 41 86 91 68 18
78 54 56 53 62 1 19 72 59 13 80 37
78 76 3 37 13 8 99 39 24 43 71 26
78 86 96 95 28 30 64 76 85 22 76 97
79 13 62 78 84 68 3 28 52 62 27 37
79 61 82 79 41 46 48 15 80 46 15 36
79 67 34 97 21 35 56 66 70 21 68 9
80 10 14 41 71 28 88 84 52 43 40 47
80 42 27 33 54 57 5 82 91 31 87 92
80 61 47 16 43 76 13 23 73 36 67 17
81 56 88 31 93 42 48 26 19 70 98 78
81 75 64 56 76 98 45 66 10 3 46 95
81 97 41 36 74 16 65 10 83 2 91 6
82 4 59 14 72 4 86 58 45 21 73 7
82 5 100 56 2 72 96 71 39 43 55 54
82 11 64 21 90 20 61 90 93 75 36 22
82 23 10 65 27 40 89 34 10 18 3 96
82 40 67 85 4 7 33 44 12 26 43 23
82 46 80 90 9 15 94 79 65 44 93 97
82 47 67 58 32 81 46 73 6 99 14 67
82 98 22 45 76 2 6 28 78 53 41 42
83 45 50 16 15 7 42 50 89 50 35 40
84 12 17 67 17 12 91 18 4 37 79 15
84 13 18 34 49 22 35 17 19 26 93 12
84 17 16 45 73 47 10 62 44 72 7 18
84 27 59 80 39 1 29 27 33 5 53 9
84 37 83 23 59 89 30 4 99 28 3 57
84 50 80 73 47 16 62 38 90 78 16 60
84 54 7 85 76 97 88 22 6 76 88 64
84 59 44 69 96 37 29 53 1 2 49 46
84 64 45 59 65 67 7 88 86 98 82 56
85 0 97 88 81 58 54 36 77 42 18 16
85 14 93 65 22 79 97 52 88 56 30 20
85 15 91 100 70 11 12 88 38 68 48 56
85 27 8 13 88 59 74 10 100 54 13 92
85 53 53 43 30 100 27 15 60 97 92 23
85 88 100 1 81 6 3 27 5 16 56 55
85 90 68 30 93 46 88 96 56 33 98 30
86 1 74 91 97 87 62 83 93 50 9 80
86 24 26 84 69 63 50 78 69 99 61 40
86 95 84 86 49 18 90 8 52 44 60 83
86 99 8 13 55 22 8 85 33 84 24 29
87 66 26 29 54 36 28 73 22 64 8 92
88 0 34 83 66 91 54 34 37 26 61 73
88 6 31 30 20 2 4 57 6 99 91 40
88 47 5 75 57 50 49 63 16 32 72 86
88 52 8 78 66 85 83 80 90 78 52 99
88 63 43 27 2 76 72 37 8 60 27 26
88 67 44 69 91 89 93 51 63 38 70 93
89 1 2 23 74 92 22 30 72 28 57 85
89 8 59 52 2 71 54 34 45 19 10 100
89 13 74 24 52 81 100 26 91 18 55 71
89 30 54 66 37 35 89 83 41 49 44 19
90 33 44 22 85 54 57 63 60 75 5 14
90 84 24 47 94 3 38 88 36 12 35 29
90 85 41 7 4 73 19 87 57 30 30 5
91 24 49 85 74 6 54 62 61 1 27 83
91 44 55 59 86 36 78 52 81 62 2 27
91 60 13 47 63 28 79 27 20 26 62 31
91 64 77 29 25 96 47 68 55 51 88 79
91 78 88 85 48 9 35 39 56 41 96 29
91 82 87 27 52 71 10 20 98 96 5 64
92 1 45 43 78 10 74 69 63 84 68 8
92 5 68 23 58 30 14 25 34 13 76 15
92 34 85 53 75 86 37 73 59 28 81 50
92 52 8 33 69 61 18 5 20 78 62 6
92 55 29 91 63 39 30 20 19 85 61 91
92 58 43 3 35 85 89 84 6 63 81 21
92 69 5 26 75 67 60 75 98 65 86 99
92 93 56 12 93 12 32 33 20 84 30 97
93 21 80 95 61 94 27 24 51 13 85 77
93 39 83 28 70 33 99 70 70 76 8 63
93 49 38 91 96 83 41 20 14 95 54 45
93 58 33 25 67 70 59 15 75 95 7 65
93 72 85 64 84 9 47 10 26 62 35 55
94 22 35 15 26 75 34 5 84 28 40 16
94 27 81 22 64 87 24 31 64 78 36 38
94 32 50 75 67 77 6 87 77 49 36 23
94 41 43 38 84 32 35 10 36 39 14 98
94 59 87 15 16 60 57 93 41 48 76 89
94 90 21 15 93 21 24 9 26 94 96 72
95 30 56 78 97 69 54 11 26 23 94 8
95 73 32 21 77 73 18 92 55 27 62 64
95 78 7 75 59 48 62 95 29 58 76 36
96 6 87 77 48 7 24 49 17 20 4 96
96 13 62 44 58 49 79 99 24 73 76 50
96 29 45 41 95 19 17 40 66 15 20 28
96 47 57 9 1 4 100 77 67 54 91 57
96 48 14 74 30 18 44 61 10 36 27 84
96 63 52 45 85 30 85 70 33 61 54 16
96 71 56 76 75 58 71 95 91 72 79 60
96 82 45 14 29 14 50 38 49 13 8 21
96 83 15 44 54 22 59 29 80 72 46 95
97 11 71 85 80 23 67 9 18 12 33 14
97 16 28 4 49 24 83 36 17 48 80 99
97 20 19 99 30 6 69 22 36 65 13 93
97 58 87 26 48 75 88 3 39 17 54 82
97 70 18 72 69 52 53 66 85 77 9 74
98 0 3 36 13 18 14 89 4 20 26 36
98 6 100 43 5 99 20 80 26 87 70 56
98 7 72 59 42 99 41 69 54 85 45 43
98 35 99 65 62 50 25 47 33 36 31 90
98 53 58 67 55 39 2 86 86 100 83 64
98 63 90 97 98 81 94 76 64 64 65 96
98 88 66 44 85 12 76 78 86 74 88 48
99 7 78 55 39 1 33 65 69 55 27 45
99 62 7 8 77 16 73 10 79 8 85 74
99 71 63 82 67 7 58 63 22 80 85 67
99 98 77 74 80 63 17 94 100 4 66 90
