100 10
0 11 47 43 75 55 97 16 76 31 26 4
0 13 21 8 49 14 41 82 37 16 56 72
0 48 25 45 65 5 42 24 73 11 18 79
0 53 32 1 44 100 12 34 67 68 32 78
0 55 100 38 91 53 50 39 92 27 65 55
0 67 91 10 82 93 77 37 2 85 50 99
0 68 91 79 30 54 9 100 86 36 34 61
0 74 78 33 57 76 37 65 82 50 49 23
1 2 34 21 35 48 82 79 85 32 23 79
1 14 34 32 69 6 99 57 42 3 99 56
1 19 33 17 64 5 30 84 39 31 85 35
1 20 76 98 76 63 16 100 90 11 50 53
1 21 98 18 14 91 75 23 54 13 60 99
1 27 94 58 56 100 99 19 70 20 63 62
1 51 42 36 95 27 19 76 42 52 60 72
1 64 1 22 49 100 42 69 80 62 6 56
1 67 41 74 70 86 55 92 29 27 2 26
1 70 10 74 33 9 8 76 79 20 49 49
1 72 86 50 2 46 55 16 45 92 38 27
1 77 62 28 7 3 66 19 71 32 59 24
1 82 9 94 31 71 68 95 78 18 85 35
2 10 91 98 20 58 39 66 95 7 20 78
2 11 11 64 9 6 95 51 36 39 20 90
2 32 24 18 18 15 19 36 32 9 1 2
2 70 19 79 2 7 20 60 73 13 24 63
2 71 65 92 53 97 14 22 13 35 5 12
2 72 49 27 31 96 35 69 82 84 17 86
2 86 90 50 90 39 3 24 19 69 95 8
2 95 73 93 14 7 3 70 2 99 18 62
3 31 36 60 87 57 99 72 53 32 10 37
3 32 22 39 49 100 48 44 13 41 37 82
3 37 97 37 59 12 34 67 22 81 39 78
3 40 63 89 88 56 20 69 40 25 70 71
3 43 92 22 58 35 3 2 17 72 55 100
3 52 45 12 39 85 83 90 60 18 72 91
3 74 60 17 34 47 71 3 38 63 98 37
3 82 62 97 56 68 6 57 20 79 54 86
3 87 20 82 83 83 73 58 50 36 81 71
3 91 79 35 3 74 69 28 71 26 37 56
4 5 58 2 46 22 21 35 58 47 65 56
4 23 73 79 90 7 51 88 90 53 97 25
4 40 43 12 71 37 11 48 30 59 76 2
4 41 11 82 3 100 19 62 91 3 36 45
4 50 47 60 41 70 58 98 96 29 43 61
5 6 98 49 64 44 80 24 37 14 6 42
5 7 90 97 71 75 14 86 49 64 61 95
5 44 90 86 95 85 92 87 62 58 14 80
5 62 89 85 41 38 22 47 44 38 96 94
5 74 22 58 46 16 45 47 58 27 21 88
5 75 24 93 57 38 38 95 80 25 44 79
5 81 37 9 4 67 74 69 10 37 50 82
5 96 20 65 24 61 44 91 77 31 77 33
6 5 10 75 68 17 43 34 8 38 73 2
6 15 65 30 32 56 23 10 71 74 5 63
6 17 11 81 50 35 5 66 47 25 9 74
6 22 100 1 23 48 87 95 73 78 43 75
6 31 33 28 52 33 14 17 69 3 53 79
6 39 24 58 27 8 91 39 91 7 85 31
6 41 90 60 44 66 43 99 82 8 12 23
6 45 4 36 17 90 46 17 50 66 32 92
6 70 83 38 42 29 4 41 78 3 78 53
6 72 10 18 83 87 27 19 12 85 82 15
6 80 92 63 42 68 96 5 32 54 38 82
6 88 75 86 9 86 47 23 2 64 6 31
6 93 33 94 43 66 82 11 29 5 14 38
6 98 5 87 52 94 41 24 69 25 10 71
7 1 97 78 18 97 46 20 31 64 18 53
7 15 21 56 29 55 48 82 66 23 6 58
7 16 70 60 23 96 77 10 95 12 92 23
7 24 87 44 50 51 59 68 72 63 90 49
7 31 25 31 28 90 79 47 16 81 64 17
7 34 78 31 45 6 30 2 79 27 13 70
7 38 8 25 21 5 43 44 28 91 97 95
7 41 51 40 2 73 44 69 40 51 80 10
7 46 96 55 77 67 76 57 65 46 30 11
7 65 89 69 67 99 97 5 71 25 22 63
7 99 51 81 15 76 7 68 63 29 63 78
8 7 54 54 41 33 79 90 83 61 59 35
8 20 71 94 92 61 62 24 16 55 35 61
8 21 56 24 77 56 52 64 33 78 90 58
8 27 55 71 78 74 34 8 29 53 63 38
8 40 44 85 33 91 73 33 74 83 29 20
8 67 53 4 22 84 74 7 31 43 29 11
8 88 1 92 60 3 12 22 77 3 53 75
8 89 56 77 45 92 11 44 33 89 48 96
8 95 2 9 54 4 100 42 28 75 63 39
8 98 14 51 27 43 30 17 4 1 87 71
9 1 63 45 71 31 68 71 80 97 33 26
9 10 77 65 8 78 46 34 67 94 13 22
9 40 55 52 91 15 5 60 97 74 17 10
9 61 17 66 4 49 16 41 17 100 76 98
9 77 61 44 6 63 19 95 12 83 53 25
9 95 97 62 73 45 58 86 41 9 55 93
10 1 36 35 77 69 78 73 91 30 94 83
10 3 33 100 88 6 5 45 38 8 94 28
10 4 49 96 1 5 99 29 93 90 83 62
10 18 57 66 70 31 45 91 4 52 81 12
10 19 19 60 13 74 52 60 92 72 21 30
10 26 14 35 87 79 45 54 100 41 84 18
10 51 54 33 88 32 94 96 62 43 13 3
10 65 7 48 19 60 21 10 45 34 56 71
10 67 98 14 18 60 77 9 28 15 57 70
10 72 82 27 44 96 82 42 38 5 69 49
10 89 26 39 9 67 60 81 46 75 92 11
10 93 36 3 91 34 2 45 80 14 36 35
10 99 62 75 10 61 39 22 93 18 31 24
11 12 11 100 6 95 64 57 7 40 33 26
11 38 94 10 9 29 98 76 38 89 39 66
11 69 67 1 48 10 66 27 43 13 48 48
11 79 77 14 17 13 4 58 25 59 1 8
12 10 79 20 18 73 11 34 46 81 52 14
12 17 43 16 22 52 38 70 57 75 93 71
12 18 86 52 40 78 17 90 30 78 87 40
12 21 59 31 64 26 55 50 80 90 7 74
12 23 82 51 35 4 22 15 25 5 96 12
12 33 48 54 8 47 49 34 37 5 50 4
12 39 66 2 68 75 43 74 41 76 80 32
12 44 19 79 85 62 77 7 36 59 98 15
12 48 5 16 24 91 95 62 62 21 96 26
12 57 28 44 37 38 92 9 63 69 82 69
12 59 57 12 58 32 35 62 97 25 99 96
12 74 68 83 85 98 38 65 88 33 19 47
12 77 20 45 88 61 74 75 46 36 30 47
13 4 88 42 86 29 6 91 30 94 38 55
13 5 52 1 27 87 77 49 1 68 46 39
13 6 16 49 32 18 89 66 60 32 70 20
13 40 9 48 57 40 78 100 1 46 11 40
13 49 53 35 36 72 52 50 94 8 12 76
13 51 86 62 44 46 87 71 1 7 13 70
13 55 40 69 27 13 91 37 13 79 91 87
13 70 67 14 88 89 11 85 67 60 98 27
13 81 76 71 30 84 4 18 17 6 92 73
13 89 70 86 35 19 8 22 1 65 82 31
13 97 22 54 57 62 54 82 80 76 20 12
13 99 6 54 31 98 9 78 26 15 98 14
14 8 72 86 2 88 18 99 65 90 8 19
14 29 62 70 6 44 96 53 10 83 61 70
14 37 23 41 12 84 51 43 100 79 70 5
14 50 33 46 20 17 60 12 46 71 6 76
14 70 26 45 99 64 29 32 14 22 83 21
14 82 6 15 15 86 21 71 66 68 35 93
14 90 92 40 96 54 58 84 6 15 29 44
14 93 85 34 17 48 20 44 40 1 8 1
14 97 55 62 6 18 29 45 2 44 82 9
15 20 78 96 48 30 31 38 73 78 100 85
15 49 32 36 25 75 66 56 82 44 22 57
15 57 69 31 19 30 22 36 14 45 76 12
15 62 92 54 51 42 23 19 2 38 42 72
15 64 46 72 91 82 95 46 69 34 57 49
15 75 84 44 64 5 30 40 30 86 90 45
15 79 54 28 6 61 21 54 77 43 45 16
15 90 12 4 70 69 34 5 57 41 98 10
15 91 88 55 16 25 18 92 11 51 78 79
15 94 87 60 79 89 15 94 98 24 94 100
16 4 32 44 78 46 22 100 10 21 60 60
16 9 62 40 34 47 53 85 69 68 28 56
16 25 69 19 70 98 15 27 7 60 16 2
16 27 95 79 68 19 44 87 79 44 7 35
16 28 93 44 36 2 87 64 39 93 75 62
16 36 11 50 74 97 61 1 12 92 73 13
16 40 89 83 78 89 78 49 53 3 25 57
16 42 21 20 74 34 6 41 1 55 78 74
16 50 92 4 69 75 48 63 89 71 92 24
16 52 38 24 36 25 54 68 36 44 20 66
16 61 11 1 66 93 12 37 59 56 36 37
16 97 51 39 59 88 1 33 46 18 55 39
17 20 55 37 15 18 61 62 76 51 7 86
17 24 33 20 61 33 34 53 17 32 74 84
17 32 98 37 73 92 8 96 48 15 52 25
17 34 24 95 30 69 77 10 70 35 28 11
17 41 44 22 48 39 86 93 17 11 50 28
17 47 19 98 68 34 70 18 32 50 98 18
17 48 14 51 31 92 98 59 99 81 51 41
17 50 48 73 100 76 90 4 74 97 53 12
17 56 53 11 42 3 24 80 1 23 74 42
17 58 41 88 1 86 25 81 40 37 4 33
17 77 35 55 26 76 21 52 51 11 83 59
17 93 10 58 38 26 13 62 79 18 59 33
17 98 59 1 17 93 61 62 98 25 36 36
18 5 42 16 82 25 12 36 87 94 8 45
18 6 50 7 55 23 45 71 16 7 46 51
18 13 59 96 74 99 24 26 39 54 97 52
18 28 55 84 20 27 27 82 26 80 31 86
18 33 86 92 26 26 55 51 38 97 33 1
18 40 13 78 82 6 1 88 66 11 64 48
18 42 30 88 31 20 86 69 73 78 65 34
18 51 15 45 46 15 43 85 79 69 97 73
18 61 80 80 68 33 32 68 76 68 91 35
18 75 78 16 81 82 92 92 81 100 35 30
18 83 90 52 66 94 30 70 87 69 33 89
19 7 2 61 28 91 96 14 35 27 13 75
19 12 25 8 95 59 37 27 73 40 70 53
19 35 28 91 78 33 14 89 54 73 56 25
19 52 53 15 22 36 5 67 66 73 35 41
19 58 8 41 71 4 79 78 55 99 78 14
19 59 77 42 19 51 97 85 67 77 20 53
19 69 52 34 52 82 22 11 51 38 27 67
19 72 2 54 65 31 90 8 86 16 95 47
19 73 89 53 58 84 46 11 84 3 69 92
19 79 47 82 90 52 71 56 56 35 79 87
19 82 44 19 49 83 69 1 46 53 90 55
20 4 44 42 96 42 52 12 57 88 46 11
20 6 87 69 71 88 60 67 45 66 18 67
20 13 53 41 26 1 64 5 21 35 100 79
20 23 92 12 15 95 2 74 69 95 3 16
20 48 64 99 71 68 37 5 81 30 48 74
20 58 20 24 53 82 67 35 90 19 5 34
20 67 63 3 6 35 48 22 33 66 33 12
20 72 100 70 36 69 69 89 73 38 19 18
20 77 17 65 13 18 87 24 75 76 39 82
20 84 81 91 19 27 12 29 53 73 19 51
20 85 91 40 71 63 44 27 83 49 99 50
20 90 55 68 90 50 57 92 60 18 94 66
20 91 66 41 17 16 43 67 90 12 36 9
20 93 69 81 23 57 60 48 32 18 90 97
21 1 72 73 73 80 78 18 16 34 47 66
21 2 22 88 88 38 92 28 42 21 93 71
21 4 75 75 47 1 62 91 93 50 16 3
21 5 81 46 71 86 4 95 16 29 11 19
21 7 94 23 3 26 74 61 43 28 14 74
21 10 95 84 68 63 93 98 71 11 1 32
21 18 36 42 92 21 63 100 100 42 46 40
21 24 29 67 8 13 7 11 50 3 87 18
21 47 31 18 48 36 96 16 59 45 39 96
21 50 93 88 71 16 86 23 75 42 18 94
21 55 78 87 30 74 82 89 92 34 10 11
21 60 31 17 100 44 56 43 34 89 7 30
21 63 33 38 97 100 75 26 13 8 12 96
21 65 21 86 83 50 29 21 63 87 93 75
21 71 89 99 90 59 54 18 47 15 42 22
21 79 90 1 73 1 66 80 28 21 86 45
21 82 8 8 59 79 28 27 66 52 99 44
21 85 11 80 64 9 49 3 55 7 4 58
21 98 57 85 55 1 38 31 14 34 44 7
21 99 57 27 13 7 45 72 89 85 36 9
22 5 90 77 93 27 10 39 19 80 60 9
22 9 47 29 88 68 70 94 85 11 38 31
22 14 80 84 14 22 36 20 27 76 72 40
22 32 86 21 91 47 90 79 78 53 12 22
22 34 34 65 47 40 73 40 20 86 25 62
22 54 13 62 82 90 57 78 69 89 47 89
22 65 62 28 52 48 8 28 91 48 26 89
22 67 47 73 6 16 30 3 44 52 25 83
22 68 14 29 16 46 30 73 47 13 61 94
22 74 44 10 83 7 81 69 45 38 4 38
23 8 59 61 72 98 25 79 56 31 89 46
23 9 38 37 97 96 83 28 100 17 13 36
23 16 77 94 37 100 76 81 42 58 69 98
23 28 54 21 63 92 35 52 30 3 41 29
23 32 52 1 52 9 84 55 46 36 80 65
23 47 5 35 26 39 55 1 98 11 59 93
23 78 76 100 85 90 33 99 16 64 80 49
23 81 12 46 57 51 53 13 68 63 7 6
23 83 64 52 31 46 39 10 24 100 34 100
23 89 41 58 53 93 16 84 57 12 63 58
23 90 83 25 37 80 26 51 57 13 50 17
23 93 82 2 31 100 52 9 29 37 69 43
24 4 20 85 46 69 90 29 58 39 62 46
24 22 59 51 67 80 16 16 78 49 10 5
24 28 78 39 1 52 23 12 64 66 68 8
24 45 83 94 52 53 13 87 81 53 34 53
24 60 77 55 13 9 33 64 28 8 72 12
24 63 58 98 92 15 48 68 2 25 96 98
24 64 66 40 97 97 57 47 8 40 42 43
24 66 41 73 33 43 25 47 67 13 9 52
24 68 45 13 23 91 35 4 4 89 27 94
24 73 78 34 54 100 40 6 50 64 5 48
24 89 86 60 5 12 84 97 56 10 13 74
24 92 71 62 21 22 78 94 14 99 59 97
24 95 35 100 67 85 80 15 1 86 1 38
25 22 56 29 89 83 58 47 46 68 97 93
25 27 33 50 47 38 50 81 59 7 72 16
25 30 11 42 75 77 10 95 43 3 17 84
25 31 53 89 49 38 32 65 18 86 22 72
25 47 14 93 32 6 93 18 3 60 26 14
25 61 70 2 53 20 79 22 43 4 15 95
25 74 60 42 98 35 69 39 76 17 98 52
25 90 44 41 1 80 20 15 54 63 49 13
25 94 24 100 11 1 88 80 34 69 11 84
26 13 54 10 1 86 88 72 16 86 11 88
26 17 52 34 62 53 86 41 82 53 21 85
26 21 14 63 47 6 3 56 7 42 100 78
26 24 52 74 24 53 26 18 66 79 85 96
26 30 95 26 58 60 61 30 6 18 23 82
26 70 88 2 43 28 38 60 53 13 98 22
26 71 37 61 48 85 68 21 11 42 86 99
26 86 85 15 8 69 67 90 69 53 19 7
27 7 79 41 2 57 23 48 7 51 26 77
27 17 69 25 79 98 7 19 39 32 67 83
27 20 28 87 28 42 33 44 43 66 100 27
27 24 27 24 12 69 91 21 21 60 19 16
27 54 82 72 38 60 79 9 26 82 100 33
27 55 47 25 69 19 6 2 10 28 85 54
27 75 52 87 16 33 40 51 41 55 33 47
27 79 69 64 56 63 46 87 46 18 14 95
27 81 33 41 65 35 44 63 26 65 13 77
28 2 34 20 28 39 59 11 87 90 5 72
28 3 12 86 95 95 60 20 34 39 80 85
28 16 83 42 68 35 28 41 66 4 9 31
28 34 66 66 43 67 30 96 25 63 74 71
28 36 40 63 28 27 3 96 75 70 32 56
28 53 32 20 74 66 50 46 40 94 96 68
28 62 38 14 13 87 35 94 9 15 46 36
28 78 4 99 82 14 41 96 65 57 44 16
28 86 51 93 2 41 66 36 60 8 24 41
28 88 46 94 71 60 85 100 80 51 68 68
28 93 99 60 96 99 31 10 71 25 27 28
28 94 35 43 64 46 72 29 31 62 82 44
29 2 85 61 14 4 94 18 83 29 93 22
29 6 38 81 19 9 40 30 86 70 5 56
29 8 2 91 76 4 53 3 62 4 60 12
29 32 75 27 13 88 67 84 43 78 16 39
29 49 27 28 94 89 29 41 2 10 66 68
29 50 64 32 37 10 64 42 72 100 23 64
29 70 74 31 33 94 27 31 80 75 72 35
29 77 22 52 8 70 2 43 35 11 2 91
30 5 22 11 62 82 32 79 85 74 73 84
30 8 52 55 52 99 47 95 91 12 91 62
30 15 45 92 50 33 38 36 91 77 77 17
30 17 56 91 21 59 36 3 16 11 43 16
30 21 27 48 21 91 31 71 66 56 45 43
30 48 49 80 22 58 84 10 68 30 47 34
30 49 19 64 14 34 87 29 60 26 85 74
30 58 95 83 62 55 31 60 60 83 24 87
30 79 93 84 4 83 21 73 82 5 84 64
30 80 96 17 73 5 68 40 43 96 50 22
30 83 44 88 15 75 57 36 53 43 43 3
30 92 78 10 63 48 21 71 52 41 20 88
30 95 29 16 17 48 28 31 25 44 96 24
30 97 29 30 64 92 79 70 66 35 13 72
31 2 68 99 25 98 47 67 15 1 7 99
31 10 50 89 50 81 79 87 42 63 58 94
31 26 96 66 87 46 26 33 37 9 87 96
31 40 22 84 17 80 85 13 59 34 15 39
31 56 70 15 82 16 40 86 86 19 99 100
31 63 84 25 97 88 77 97 20 69 1 71
31 81 14 19 35 15 44 27 56 17 26 46
31 90 92 46 59 87 91 60 60 89 18 62
31 92 27 71 60 53 53 73 49 93 20 46
32 35 20 12 49 17 79 53 30 70 75 71
32 73 83 78 90 24 21 50 75 44 6 12
32 74 48 69 70 59 56 28 3 54 63 85
32 94 5 44 19 27 60 3 65 94 63 35
33 5 99 40 96 18 1 97 1 56 5 93
33 36 82 41 6 65 18 27 68 28 9 41
33 42 39 10 96 60 66 8 35 80 40 19
33 43 48 81 4 24 8 29 83 34 7 75
33 46 42 67 1 84 88 12 7 45 57 9
33 58 2 70 35 87 76 7 40 8 62 23
33 62 42 62 100 99 45 97 21 11 87 39
33 64 8 93 56 10 17 49 98 25 63 94
34 1 82 37 21 77 70 30 80 87 79 84
34 5 10 6 89 33 89 91 53 82 66 56
34 9 17 45 72 10 50 58 29 18 42 5
34 16 88 50 98 49 85 92 75 93 25 82
34 17 100 8 9 33 55 7 44 15 41 97
34 18 47 83 2 36 63 6 22 14 2 19
34 19 7 1 39 81 25 20 4 82 24 82
34 20 48 99 8 12 49 50 8 45 17 88
34 33 11 90 43 38 22 80 51 50 16 19
34 61 26 9 72 85 4 69 43 2 26 44
34 76 26 44 68 87 29 23 9 73 96 29
35 6 96 99 60 49 77 43 10 5 33 12
35 7 27 42 18 63 32 31 20 44 10 92
35 9 77 43 16 52 87 41 41 40 84 32
35 16 35 90 45 80 14 77 22 22 17 31
35 30 41 88 10 4 13 79 86 67 78 2
35 33 91 37 76 54 58 46 59 25 53 1
35 38 27 39 12 92 78 51 85 27 50 14
35 51 2 4 65 98 69 47 44 25 25 1
35 68 69 31 23 44 30 41 6 89 11 84
35 79 82 100 25 75 91 45 18 51 25 85
35 87 30 94 59 89 71 92 50 83 6 44
35 90 75 2 55 98 17 34 26 16 90 81
35 94 7 91 77 50 42 86 44 59 36 80
36 2 33 7 60 57 46 70 19 34 29 8
36 10 95 84 19 81 82 79 66 12 17 83
36 16 36 44 63 60 5 16 18 1 75 67
36 30 99 86 48 7 17 19 4 77 92 73
36 33 98 38 42 47 1 11 40 31 35 14
36 53 49 46 34 11 24 19 32 11 19 87
37 3 96 37 32 36 2 1 50 64 30 100
37 23 75 17 69 91 53 15 2 61 46 36
37 31 88 43 61 9 5 80 59 94 62 78
37 36 77 97 60 45 44 27 67 10 19 39
37 42 12 9 36 46 48 68 92 75 44 35
37 45 12 78 65 49 41 55 65 70 69 56
37 46 46 78 75 22 52 29 14 13 32 16
37 47 33 87 75 67 25 66 28 9 99 17
37 48 11 68 21 83 32 81 70 58 70 82
37 53 72 15 95 38 88 2 82 88 5 32
37 72 48 69 93 38 83 85 39 75 17 47
37 82 71 19 44 58 85 4 100 39 84 15
37 97 70 90 21 82 58 89 88 34 75 89
38 1 36 94 55 88 1 88 94 80 13 12
38 4 14 19 84 4 93 14 100 58 68 39
38 13 15 30 43 40 80 57 45 57 1 75
38 24 97 30 26 77 14 56 35 50 49 60
38 26 20 92 13 37 51 44 56 46 11 84
38 42 98 24 88 21 83 78 90 4 25 64
38 56 75 86 54 95 90 75 5 53 53 90
38 64 13 8 74 8 11 82 26 51 85 75
38 74 29 40 91 17 5 97 47 40 35 91
38 90 99 80 35 26 37 42 8 31 71 47
39 4 62 92 58 26 47 43 42 2 94 60
39 5 49 59 20 1 56 4 53 5 22 22
39 6 54 5 46 32 12 86 19 52 89 45
39 19 66 62 50 33 96 71 26 41 35 95
39 28 63 19 83 88 68 24 50 100 29 46
39 36 78 86 54 43 33 20 81 25 50 62
39 58 74 92 43 77 40 33 87 87 46 58
40 8 44 100 11 52 30 65 36 66 83 28
40 10 68 19 72 36 63 9 13 17 15 79
40 13 87 95 44 85 60 16 30 48 99 55
40 34 41 81 24 11 16 15 6 7 73 8
40 56 90 39 80 47 47 67 53 85 46 73
40 95 69 16 11 85 34 67 68 1 95 28
40 97 15 9 47 63 18 84 42 29 16 84
41 12 52 38 90 10 85 57 76 69 21 49
41 27 89 70 92 98 44 33 47 93 34 5
41 32 16 26 83 98 34 52 53 44 91 29
41 35 6 84 16 8 88 50 29 16 67 45
41 51 94 90 53 50 70 59 49 77 6 6
41 80 39 33 60 18 85 2 19 38 62 70
41 82 87 25 36 82 32 52 66 20 40 86
41 84 21 41 67 67 97 5 36 83 45 87
41 94 46 28 94 43 41 39 19 99 59 42
42 1 15 3 11 22 97 14 8 70 92 96
42 10 88 66 86 77 60 55 100 96 37 9
42 15 66 70 56 22 74 90 55 53 17 3
42 33 12 5 85 87 98 17 61 49 76 36
42 38 77 55 98 9 81 39 58 39 80 41
42 43 61 18 14 22 100 68 27 70 35 74
42 47 73 12 64 83 57 1 45 41 9 87
42 49 46 87 82 67 16 92 16 35 86 95
42 71 81 3 11 77 7 61 59 27 35 64
42 80 17 35 99 31 14 7 83 99 57 12
42 86 44 65 8 80 90 84 81 68 50 7
42 96 58 39 83 39 84 18 74 53 9 97
42 97 40 42 47 88 86 29 22 73 44 84
43 0 84 60 78 25 36 41 45 43 8 85
43 7 6 28 24 17 15 92 28 82 49 47
43 13 62 71 11 61 57 7 42 10 32 64
43 19 27 19 84 38 51 100 97 17 67 38
43 22 72 5 49 49 61 75 2 68 79 99
43 24 96 21 34 16 30 82 38 15 42 21
43 32 47 55 36 76 61 68 53 98 52 51
43 35 78 93 18 39 81 20 26 31 32 8
43 36 33 21 5 2 73 21 6 50 27 78
43 59 56 30 89 80 5 9 93 47 42 88
43 61 96 78 87 19 90 43 91 6 68 100
43 68 92 83 57 44 69 71 64 11 83 66
43 85 62 27 49 42 97 53 83 35 50 47
43 86 31 57 67 18 43 76 68 77 38 87
44 10 45 72 94 93 71 41 12 39 16 72
44 12 66 24 56 29 47 56 35 54 61 23
44 13 71 15 61 99 22 48 18 35 44 23
44 18 81 57 74 71 27 82 8 64 90 35
44 22 78 63 92 15 62 71 38 96 1 91
44 26 89 10 14 32 65 48 12 74 25 46
44 37 22 27 52 96 1 40 80 90 48 94
44 47 59 70 48 23 58 45 75 51 28 38
44 48 14 20 94 71 49 46 76 4 98 9
44 62 14 63 80 5 42 92 36 98 42 39
44 63 3 7 22 75 82 17 1 26 17 42
44 66 52 55 22 37 28 24 88 43 38 71
44 74 70 93 20 34 34 74 6 27 39 31
44 81 51 95 7 50 5 68 14 34 57 18
44 91 41 78 100 36 65 28 32 39 60 13
44 95 49 26 46 82 35 95 65 63 25 95
44 98 20 55 99 27 23 97 25 96 67 3
45 6 57 88 81 59 12 35 25 30 36 77
45 13 32 89 44 64 56 49 76 70 39 57
45 39 47 19 62 99 47 49 90 76 17 100
45 53 41 25 73 87 59 69 48 37 44 71
45 61 12 78 59 68 1 85 69 74 29 15
45 69 66 66 13 7 67 47 18 59 88 12
45 74 27 54 32 45 82 97 58 25 97 93
45 80 35 19 9 10 97 62 2 28 92 45
45 92 20 23 8 86 58 97 15 37 15 23
45 93 64 4 92 24 25 57 1 79 13 5
45 97 74 15 22 45 30 4 82 96 95 88
46 11 79 60 67 33 87 12 50 14 98 66
46 13 93 96 11 33 36 40 31 42 87 94
46 19 29 63 74 24 65 17 63 54 85 49
46 34 32 80 10 97 70 99 29 13 95 88
46 53 61 42 83 71 84 85 67 77 26 1
46 54 42 34 13 100 28 32 25 5 8 51
46 69 81 57 69 4 22 75 7 60 56 81
46 92 66 30 75 38 81 59 98 46 34 64
46 98 80 43 12 80 37 48 90 81 92 46
47 16 10 30 26 86 89 60 73 42 99 18
47 21 43 94 39 97 38 4 39 18 75 79
47 23 19 85 4 74 41 99 12 66 12 43
47 24 47 26 58 48 49 81 25 46 15 56
47 34 7 69 23 2 53 77 33 32 4 63
47 38 3 7 60 2 14 98 36 82 61 12
47 55 45 14 47 80 59 22 83 40 63 92
47 71 35 77 42 40 76 22 89 33 2 42
47 75 95 100 35 55 92 74 41 69 92 33
48 20 59 36 30 53 21 33 20 73 51 32
48 27 31 65 13 58 27 1 22 19 67 19
48 43 13 95 52 44 29 95 52 90 32 55
48 45 33 28 63 88 18 5 34 91 75 3
48 50 13 21 25 76 32 76 96 73 45 64
48 65 58 77 41 95 21 37 4 59 53 70
48 90 84 58 59 37 33 43 80 96 12 84
48 93 24 53 56 51 63 12 11 80 53 92
48 96 22 33 47 99 17 47 10 95 24 33
49 12 16 13 83 81 34 94 64 39 60 83
49 17 80 57 59 16 80 82 57 62 78 33
49 31 47 41 67 93 84 31 89 88 67 4
49 38 49 9 96 94 75 85 50 86 61 43
49 45 26 23 87 34 53 47 26 54 49 97
49 48 42 95 70 55 80 20 23 99 18 91
49 90 50 27 39 40 17 13 56 76 69 9
49 92 40 63 19 96 88 31 87 23 18 64
50 8 61 42 26 89 42 2 45 48 75 28
50 26 26 5 15 59 100 95 47 13 45 49
50 38 50 74 48 1 26 6 56 99 51 7
50 43 33 30 44 85 49 34 95 5 65 7
50 53 49 41 21 23 18 43 25 32 71 74
50 61 23 75 69 58 73 94 51 4 2 37
50 77 54 49 82 57 77 16 82 28 66 74
50 78 85 14 51 45 39 36 66 58 37 46
51 5 68 99 62 23 18 81 26 5 56 10
51 8 41 60 81 19 63 89 68 7 25 64
51 11 56 54 36 57 22 22 41 98 23 95
51 13 75 16 41 18 50 67 5 86 22 89
51 17 57 39 78 35 79 76 45 99 88 66
51 24 50 75 68 100 66 91 80 27 40 79
51 25 21 84 54 95 44 27 99 24 23 62
51 29 22 100 87 77 28 25 82 79 40 36
51 38 45 12 93 57 45 34 42 35 91 78
51 74 3 89 53 81 35 27 63 29 32 60
51 86 64 75 33 46 6 45 12 19 30 11
52 21 12 6 92 5 86 71 29 91 68 23
52 43 95 29 22 27 25 89 28 51 40 27
52 74 47 54 86 36 58 8 30 89 59 55
52 86 52 83 7 33 92 61 40 87 11 89
52 88 61 51 67 67 35 36 32 10 21 62
52 91 49 75 93 93 19 38 97 1 7 53
53 13 16 71 78 37 15 76 78 31 21 69
53 21 41 98 22 37 71 98 79 14 8 56
53 38 28 89 29 11 7 99 19 20 36 36
53 77 73 3 64 55 84 91 40 17 49 75
53 79 85 19 4 50 92 59 51 59 10 100
53 85 62 56 81 29 99 62 3 83 99 65
54 18 48 9 59 3 72 95 39 48 26 93
54 63 55 45 12 75 84 27 52 66 70 3
54 65 65 25 100 78 61 88 17 32 46 98
54 78 58 13 72 59 24 21 75 78 1 34
54 83 36 60 72 12 52 29 74 78 98 17
55 3 16 59 18 88 61 59 57 16 7 20
55 4 94 50 33 20 22 87 8 73 36 88
55 9 94 9 21 26 54 10 65 78 92 30
55 27 72 97 34 18 25 83 64 98 55 38
55 30 61 22 19 82 9 27 12 38 100 35
55 38 85 51 40 37 53 8 60 64 69 36
55 42 66 48 82 87 81 62 84 44 14 23
55 48 62 87 24 2 4 93 88 11 65 76
55 49 45 7 50 11 82 51 48 22 23 21
55 85 52 23 100 95 54 79 41 1 7 99
55 98 55 69 6 89 11 35 95 18 15 100
56 9 52 60 56 81 37 82 35 86 81 74
56 16 4 35 65 72 9 6 10 90 16 4
56 22 86 28 54 84 73 53 96 68 38 84
56 25 62 96 13 91 92 89 63 38 12 57
56 32 17 71 15 16 63 82 69 16 3 9
56 42 63 67 26 12 80 97 80 34 51 27
56 44 65 1 24 47 16 20 28 73 2 27
56 49 52 76 28 95 9 43 25 38 75 59
56 53 94 81 53 26 27 91 56 67 52 57
56 57 95 3 77 19 56 5 24 23 16 37
56 63 19 52 66 22 49 45 3 83 36 65
57 9 20 76 43 98 91 65 71 2 55 66
57 30 96 64 49 78 87 94 35 38 7 80
57 36 39 7 67 56 27 59 11 52 97 63
57 47 92 3 12 96 63 21 51 59 96 65
57 56 94 46 89 3 85 20 45 16 28 82
57 61 57 64 45 18 30 16 8 79 14 21
57 62 9 31 59 82 71 38 95 86 74 33
57 64 10 8 69 73 37 20 1 19 24 56
57 66 92 34 72 40 83 1 1 37 64 85
57 67 20 99 59 51 77 86 65 10 96 36
57 85 72 75 66 20 33 58 77 45 55 6
57 87 45 15 4 18 4 20 91 22 82 71
57 89 25 16 50 51 83 41 65 34 11 22
58 15 43 57 61 64 85 1 18 4 85 36
58 36 26 8 32 39 23 70 17 14 60 49
58 38 12 76 75 98 97 95 87 57 23 14
58 53 1 32 54 37 32 19 87 41 37 36
58 60 2 51 82 46 62 50 71 49 96 81
58 61 43 69 88 30 4 97 10 93 9 17
58 64 21 58 12 84 72 17 73 71 89 54
58 86 20 59 81 30 21 22 79 75 83 21
58 89 44 56 93 92 100 2 54 43 89 13
59 1 8 82 32 24 10 16 89 23 58 83
59 7 10 1 30 22 30 36 84 64 84 22
59 8 68 70 70 38 18 8 50 32 34 48
59 19 35 26 89 13 37 71 23 67 15 90
59 26 34 1 31 58 77 32 59 79 57 91
59 28 37 8 83 74 23 49 7 89 86 55
59 30 81 69 2 39 68 3 75 6 28 57
59 57 85 28 89 96 1 87 70 37 37 78
59 98 87 77 95 28 16 97 48 50 45 75
60 12 37 64 50 24 7 55 96 8 31 4
60 22 37 12 27 81 9 76 17 74 82 4
60 28 28 10 17 40 53 49 37 4 52 7
60 31 75 22 82 32 5 44 99 54 68 53
60 35 7 94 69 9 17 49 52 38 47 34
60 47 50 4 3 71 68 64 71 63 31 2
60 62 31 100 32 100 33 29 83 88 38 24
60 63 41 37 40 80 63 73 25 16 47 49
60 81 35 69 44 4 55 8 100 6 86 18
60 82 69 35 28 57 50 13 52 77 40 43
60 93 65 83 13 32 96 94 18 11 10 70
61 2 43 22 17 86 78 52 68 81 89 58
61 24 11 27 1 79 83 53 43 46 45 94
61 28 51 72 20 10 5 91 65 4 46 61
61 48 42 99 47 82 19 85 34 66 14 33
61 58 47 36 74 67 73 77 93 77 71 75
61 62 60 30 100 35 88 86 89 96 65 1
61 64 14 46 93 94 16 78 100 46 48 92
61 65 16 80 54 74 83 46 80 3 31 95
61 86 83 71 65 2 74 40 100 50 85 69
61 92 12 46 58 35 15 14 88 48 92 31
61 93 75 95 22 94 39 56 18 57 40 58
61 94 13 63 15 51 95 9 92 41 94 1
62 42 67 11 4 75 47 44 67 89 7 77
62 44 54 29 90 10 7 98 49 44 91 70
62 47 90 38 90 66 86 10 96 90 78 38
62 49 72 10 46 67 87 72 4 66 45 58
62 66 86 11 63 99 60 7 84 5 19 14
62 71 71 11 88 16 59 55 67 87 100 18
62 73 95 48 44 78 9 53 58 51 31 75
62 86 41 70 95 76 6 71 85 4 67 92
62 96 39 97 100 48 31 7 54 53 68 16
63 27 81 92 95 70 71 44 17 94 74 10
63 43 67 17 54 84 39 23 8 71 66 85
63 57 23 90 92 2 74 49 47 40 20 49
63 66 40 38 51 78 35 3 23 36 8 100
63 85 82 71 56 7 2 85 92 75 11 83
63 91 32 13 4 45 73 19 23 7 81 98
64 16 8 6 90 100 49 65 37 32 1 22
64 18 34 69 80 20 75 72 60 20 41 2
64 19 32 41 8 8 3 63 30 15 90 80
64 46 89 91 66 33 25 77 75 2 22 92
64 66 3 5 80 31 54 81 57 24 11 23
64 68 96 8 52 8 94 87 18 11 47 31
64 72 73 58 81 28 62 36 75 74 72 19
64 75 28 95 61 80 78 21 78 87 75 19
64 82 61 96 54 26 62 34 22 97 47 35
64 83 58 56 68 54 2 10 95 5 57 97
64 90 32 34 9 100 10 14 62 77 33 8
64 94 18 45 74 83 31 13 10 6 79 52
65 14 64 49 93 30 14 36 67 51 77 28
65 34 95 47 2 66 58 80 47 12 1 2
65 64 38 16 92 1 18 60 84 30 72 55
65 95 38 47 68 96 20 9 59 50 98 29
65 97 57 37 45 71 84 8 1 61 57 9
66 22 97 48 83 3 68 23 21 28 2 84
66 24 77 78 75 17 56 75 56 33 30 17
66 25 39 50 38 50 31 81 11 73 17 61
66 35 50 32 83 41 46 20 88 93 74 33
66 46 35 100 14 13 1 82 89 83 31 59
66 51 6 64 93 29 85 46 86 86 83 65
66 52 6 88 90 64 95 42 77 77 88 84
66 64 51 52 17 11 57 65 86 7 15 51
66 74 95 47 4 46 59 47 10 6 89 49
66 76 25 24 90 99 9 63 61 40 5 91
66 77 71 87 83 96 22 71 67 69 53 93
66 84 39 42 88 46 21 34 60 97 21 7
67 1 72 27 19 30 3 28 7 76 58 13
67 6 49 39 49 100 55 37 93 39 76 98
67 10 49 39 56 53 64 84 76 29 46 87
67 12 53 47 22 58 96 77 62 20 99 95
67 15 38 82 16 16 59 46 26 80 73 22
67 43 48 73 47 41 75 91 64 13 75 3
67 46 90 39 58 70 53 76 73 96 40 46
67 59 35 60 30 49 3 88 65 12 52 93
67 72 49 9 41 42 82 75 86 96 76 26
67 79 33 27 99 93 88 7 49 70 56 46
67 82 82 64 77 54 21 98 13 14 94 72
67 86 26 68 27 72 10 12 60 14 16 73
67 97 16 13 1 83 94 23 53 61 87 88
68 7 61 60 21 45 13 10 83 55 52 70
68 15 24 59 22 50 33 85 73 29 68 49
68 18 49 16 14 24 74 75 10 90 57 17
68 31 60 71 10 98 43 82 100 65 53 58
68 49 71 49 30 16 64 56 34 62 83 8
68 52 27 54 44 37 79 64 60 45 62 58
68 65 25 24 3 65 61 66 88 69 36 98
68 72 62 85 25 67 59 42 47 46 61 90
68 90 70 41 3 98 29 47 36 38 29 88
68 91 93 46 94 12 82 76 83 72 24 22
69 3 44 68 21 50 92 29 86 36 60 23
69 6 72 30 26 29 43 38 14 5 92 19
69 7 36 97 81 12 5 35 76 86 65 95
69 34 47 41 39 8 78 6 21 57 63 43
69 55 27 11 26 80 56 74 6 34 3 78
69 73 25 68 97 70 12 84 30 70 40 47
69 79 59 98 57 26 1 37 39 4 35 2
69 93 67 64 100 5 99 76 33 67 59 26
70 9 46 31 66 2 8 17 22 41 28 65
70 13 57 67 69 93 70 74 23 22 44 27
70 26 14 10 96 16 60 84 3 76 91 40
70 28 24 19 7 30 84 50 7 3 43 54
70 41 50 10 51 40 15 34 2 60 25 20
70 66 51 90 22 26 71 95 61 87 48 80
70 73 85 34 75 60 72 69 99 33 92 54
70 86 70 69 11 79 13 50 45 89 50 30
71 3 4 32 62 52 61 67 43 45 58 15
71 6 22 44 81 35 29 8 66 70 46 44
71 11 81 27 8 87 71 3 67 87 34 3
71 14 57 53 5 28 61 59 56 9 28 41
71 23 48 16 21 18 27 77 43 95 98 98
71 25 79 13 72 2 41 61 32 17 40 7
71 31 66 32 96 63 95 86 33 69 32 11
71 32 63 59 40 8 1 7 75 10 79 20
71 35 59 37 49 32 21 52 45 35 69 27
71 53 22 5 91 6 69 63 81 52 27 100
71 56 88 23 55 85 70 45 81 7 55 76
71 57 70 87 23 86 36 53 45 56 40 33
71 58 36 27 100 45 29 81 65 3 18 95
71 64 40 55 77 71 86 35 11 82 82 52
71 65 32 19 34 92 30 91 84 92 26 28
71 67 82 4 63 26 45 63 86 30 69 17
71 86 18 19 60 47 85 6 90 70 29 7
71 87 23 2 62 54 2 57 30 66 97 55
71 95 49 80 36 24 60 83 65 3 89 2
72 26 44 77 82 66 64 96 42 99 60 38
72 31 47 89 1 43 18 36 9 78 32 14
72 38 51 96 24 37 73 56 22 39 99 17
72 62 34 14 49 19 21 3 33 72 60 53
73 0 17 76 50 45 93 22 31 24 74 82
73 8 36 47 48 63 100 91 32 8 56 27
73 20 69 97 99 15 21 2 65 55 53 30
73 23 84 57 36 9 81 54 91 9 59 8
73 45 47 69 14 46 64 83 3 17 57 89
73 61 46 52 54 56 6 16 82 53 87 10
74 57 23 64 42 55 35 76 80 50 46 8
74 77 44 91 9 80 43 98 96 73 81 80
74 79 95 54 7 47 98 8 39 25 3 78
74 86 6 69 5 89 80 77 31 66 40 86
75 2 5 59 33 15 11 27 84 10 73 40
75 23 31 5 63 37 96 12 74 44 34 54
75 29 40 43 57 28 97 76 32 69 31 31
75 33 80 54 97 11 73 60 93 63 2 60
75 41 24 69 92 29 5 67 59 7 82 3
75 46 29 94 48 57 83 46 74 22 26 91
75 88 96 24 57 50 90 100 74 75 72 51
75 89 19 100 96 18 43 2 24 21 18 30
75 97 81 43 77 82 23 22 83 3 6 65
76 11 86 19 85 18 57 36 24 52 9 98
76 25 48 71 18 36 50 65 19 74 91 33
76 29 30 16 57 58 40 97 26 54 47 3
76 51 72 76 11 38 1 99 53 33 79 63
76 62 33 42 69 29 57 4 27 91 85 66
76 66 55 32 2 84 36 3 3 31 15 95
76 80 66 20 17 58 30 70 9 63 54 96
76 90 40 31 36 35 31 18 25 9 44 22
77 1 92 94 54 59 57 97 88 3 76 50
77 9 49 91 67 4 4 62 38 48 62 78
77 12 18 82 13 17 52 26 66 34 69 59
77 16 1 15 39 19 86 39 82 32 88 15
77 20 39 40 7 52 12 58 27 38 92 49
77 33 23 50 20 95 41 81 70 17 38 52
77 46 71 10 27 76 82 79 37 85 39 32
77 55 31 1 22 22 93 77 47 10 17 33
77 83 10 36 76 84 98 86 81 21 48 74
77 90 60 95 29 11 33 98 78 99 14 42
77 94 3 76 36 91 44 22 84 79 1 52
77 98 1 15 30 63 35 10 94 95 6 31
78 18 98 73 39 17 36 24 44 64 72 4
78 37 65 97 79 46 91 32 89 90 77 98
78 38 88 44 96 43 35 97 92 83 60 4
78 45 28 40 25 49 35 59 15 12 25 47
78 46 76 52 2 42 74 13 15 18 65 26
78 50 60 42 48 84 10 85 79 83 17 84
78 67 84 68 85 28 55 93 56 49 63 93
78 72 94 33 99 3 26 23 99 63 66 14
78 83 25 21 97 3 13 4 65 66 91 36
78 92 100 74 96 53 52 92 74 91 65 41
78 99 41 27 31 23 77 37 3 42 30 20
79 2 63 25 70 84 25 7 86 92 47 73
79 25 78 67 1 12 23 3 54 59 56 72
79 32 22 60 99 47 37 44 90 4 11 77
79 40 47 15 32 95 1 8 60 63 64 31
79 52 82 67 55 76 86 69 55 37 82 29
79 53 84 14 57 100 24 19 15 67 94 62
79 55 60 98 21 99 86 92 71 22 78 78
79 61 60 91 94 81 55 82 49 54 81 67
79 66 3 51 87 55 1 52 2 6 85 89
79 89 24 12 48 72 88 79 50 90 20 59
80 0 41 50 47 41 23 38 14 82 76 18
80 2 84 37 40 27 37 31 93 88 35 37
80 18 86 37 77 63 67 19 7 36 5 57
80 24 74 82 40 2 60 51 33 91 55 19
80 33 41 44 31 99 89 61 8 79 84 43
80 40 32 76 94 36 10 18 78 61 3 56
80 48 33 20 8 69 85 51 65 80 2 18
80 49 44 25 87 73 75 58 15 70 94 93
80 56 11 82 61 48 13 86 37 28 65 55
80 62 98 60 48 93 82 48 17 9 36 83
80 71 65 70 72 24 47 48 3 73 99 19
80 78 32 20 13 72 11 10 22 84 82 52
80 94 93 24 61 33 2 30 78 51 68 100
81 11 19 37 85 91 17 35 7 53 50 95
81 23 2 3 18 79 28 35 91 54 1 94
81 26 9 6 74 11 5 94 28 13 58 35
81 37 36 83 90 71 89 88 33 92 98 96
81 51 89 9 63 93 58 17 64 76 54 81
81 71 89 14 63 15 76 8 48 77 67 81
81 96 46 19 33 33 84 20 85 98 55 58
81 97 22 90 24 77 56 74 18 80 38 7
81 99 83 78 11 15 46 29 82 79 98 10
82 12 95 80 44 67 55 53 50 97 32 40
82 28 63 18 71 89 6 83 13 97 52 12
82 42 3 31 20 85 3 28 58 98 54 7
82 45 76 73 59 97 96 23 14 100 13 70
82 46 87 75 58 62 80 58 72 27 71 7
82 48 35 59 52 65 8 28 37 60 69 3
82 60 45 71 22 8 54 93 1 9 29 64
82 76 69 40 10 57 46 44 49 98 82 72
82 80 62 40 42 7 30 64 87 68 40 94
82 83 29 68 29 64 43 92 40 40 7 8
82 88 26 13 99 10 66 57 98 51 19 73
83 15 41 29 55 48 52 35 23 87 50 58
83 64 92 55 68 48 76 28 44 4 11 27
83 92 92 43 36 28 36 4 2 80 84 70
84 17 47 6 96 90 45 26 16 57 79 71
84 18 46 55 91 68 76 48 13 31 27 85
84 21 39 72 63 3 58 74 7 4 96 1
84 25 93 45 25 98 74 49 76 97 100 98
84 32 95 13 49 69 74 66 5 8 68 74
84 39 46 34 90 30 89 84 18 97 50 51
84 57 80 25 11 11 13 45 4 95 84 15
84 60 37 50 83 90 55 11 35 50 72 32
84 64 12 12 18 15 75 3 66 25 3 33
84 71 83 74 4 71 75 93 16 18 79 70
84 78 72 65 73 73 90 35 37 24 4 87
85 10 13 40 34 12 54 54 49 47 57 75
85 12 59 66 19 95 49 48 30 25 83 48
85 13 62 10 53 13 4 44 92 29 29 68
85 14 61 87 25 43 63 52 18 45 73 59
85 16 10 97 38 83 25 7 48 31 82 64
85 28 97 73 64 88 86 64 69 95 98 61
85 30 50 47 53 41 85 65 29 82 1 71
85 32 26 68 69 86 3 80 15 60 22 73
85 35 16 50 62 32 73 19 8 45 39 35
85 38 2 38 18 84 11 21 86 3 83 54
85 48 12 91 40 86 47 5 77 25 61 63
85 67 48 72 36 66 20 83 9 75 52 77
85 68 14 53 38 61 20 93 4 56 31 39
85 70 78 24 58 5 100 65 7 78 6 98
85 82 20 21 38 8 15 74 19 88 66 57
85 90 18 32 100 17 46 87 72 95 76 69
86 0 27 59 69 60 32 83 95 93 46 89
86 10 1 56 53 53 97 35 21 4 100 89
86 20 81 36 55 55 30 26 74 4 40 73
86 39 72 77 90 29 17 11 6 1 35 92
86 45 63 55 7 14 81 55 75 80 23 51
86 47 3 94 95 88 94 87 41 72 42 61
86 52 73 64 11 96 10 31 77 75 89 90
86 55 10 38 23 9 41 32 81 15 17 63
86 81 87 68 79 80 18 81 12 59 90 26
86 97 31 34 54 21 86 13 94 45 42 52
87 4 3 70 29 93 48 82 60 85 15 49
87 21 85 47 25 68 81 46 9 39 53 39
87 23 69 67 91 78 25 91 56 69 41 33
87 25 31 29 33 73 67 44 18 36 77 3
87 53 20 4 76 68 1 16 44 76 85 70
87 54 6 91 19 32 33 67 92 10 11 76
87 55 65 100 47 29 5 63 86 94 90 68
87 74 21 84 27 95 14 87 34 47 71 69
87 75 87 76 38 57 83 46 62 30 71 43
88 5 4 92 62 45 88 53 70 96 33 55
88 10 88 87 13 18 34 32 94 49 73 31
88 16 68 30 23 69 15 66 6 73 92 68
88 34 32 30 88 55 34 55 25 63 54 96
88 39 90 40 9 60 67 29 15 30 65 97
88 79 79 38 80 83 19 4 36 82 16 87
89 3 82 62 19 32 24 17 49 67 65 28
89 14 99 50 18 3 90 77 27 40 48 95
89 15 30 77 98 14 13 43 41 34 76 75
89 21 24 15 57 44 82 69 72 52 51 45
89 28 82 5 94 79 41 3 44 64 97 52
89 36 20 60 28 4 84 29 36 77 6 63
89 45 11 31 1 30 53 14 58 2 21 89
89 53 81 32 64 69 95 87 33 58 40 91
89 57 62 56 94 3 30 2 74 92 72 56
89 63 4 42 96 14 32 48 95 47 62 38
89 65 65 41 26 96 45 74 13 18 19 90
89 74 99 100 30 80 34 23 30 50 32 62
89 75 30 50 59 55 59 28 34 1 16 65
89 76 6 47 16 26 88 1 75 90 71 14
89 94 56 6 97 15 35 55 19 96 96 34
89 99 70 21 13 21 95 33 82 60 79 23
90 6 4 67 57 98 41 93 12 78 57 33
90 10 88 80 70 30 54 26 38 74 87 24
90 14 44 87 5 21 19 73 4 30 13 86
90 24 97 6 41 17 71 44 92 90 9 71
90 29 3 68 97 97 80 2 18 40 66 90
90 37 60 66 49 86 91 39 22 19 52 46
90 73 95 59 59 90 93 82 42 39 64 99
90 98 39 11 56 81 35 31 39 84 39 31
91 22 76 62 9 85 36 49 6 66 6 74
91 29 34 72 67 65 45 93 63 94 67 6
91 71 10 38 38 54 37 14 27 86 96 8
91 95 90 69 27 34 14 95 80 96 31 3
91 97 75 36 88 39 17 98 32 86 76 27
92 16 36 47 7 29 53 13 93 37 11 10
92 17 53 23 3 47 85 68 50 69 98 73
92 28 62 44 21 12 3 86 16 66 97 100
92 45 74 74 90 1 62 1 17 38 61 45
92 49 92 15 43 44 71 66 20 94 4 56
92 53 96 83 63 91 62 18 79 56 13 67
92 59 82 66 22 34 64 31 58 56 74 43
92 63 75 19 33 18 59 60 2 14 87 17
92 64 19 40 50 92 7 68 13 70 53 87
92 68 49 52 56 51 98 67 90 39 69 66
92 72 67 87 45 4 23 19 84 38 64 31
92 73 49 39 51 89 74 85 5 37 52 4
92 83 26 48 75 92 53 94 32 26 8 40
93 3 81 63 11 71 71 55 62 99 98 83
93 5 83 25 86 70 56 70 71 22 74 28
93 16 66 6 10 78 26 3 50 2 21 86
93 39 3 57 57 69 7 9 50 61 28 23
93 41 30 41 16 50 91 38 59 6 14 23
93 47 93 87 77 86 40 82 45 7 88 79
93 55 27 91 45 29 66 10 36 5 71 38
93 88 18 57 19 8 86 67 53 41 67 5
93 96 74 60 92 76 74 32 9 61 61 94
94 8 98 8 1 90 16 75 2 8 2 58
94 12 90 29 29 63 54 40 30 3 48 30
94 15 32 99 12 85 3 36 83 99 76 63
94 22 59 3 20 70 78 43 76 5 98 81
94 35 42 41 21 15 1 22 79 78 64 31
94 42 6 49 6 27 17 62 79 93 65 54
94 43 92 63 62 28 18 2 77 24 88 1
94 45 96 17 36 2 43 94 20 3 20 17
94 62 61 22 65 69 12 4 7 94 68 37
94 64 31 41 33 9 89 29 54 1 91 50
94 80 5 63 72 30 66 20 38 76 16 61
94 83 88 34 11 26 40 54 32 68 3 42
94 89 22 26 46 77 79 84 64 81 33 78
94 93 78 18 16 9 78 17 64 21 23 93
95 1 4 86 94 40 63 85 41 10 77 76
95 59 48 59 54 26 10 81 19 81 7 18
95 64 97 98 3 85 92 99 18 63 20 49
95 70 79 2 36 39 66 74 93 29 62 23
95 74 26 39 56 94 19 98 78 26 40 80
95 77 27 62 69 79 77 59 48 40 98 92
96 4 80 80 50 26 51 90 52 26 1 34
96 36 81 33 65 79 48 2 15 79 63 97
96 69 62 65 93 77 22 60 19 38 53 70
96 73 9 94 60 64 2 27 34 96 79 26
96 74 7 24 12 79 55 25 62 64 57 43
96 79 38 23 39 99 34 61 68 45 91 77
96 86 54 94 95 33 38 6 19 62 61 2
96 97 72 93 96 82 14 24 7 94 88 82
97 15 13 26 92 71 91 26 11 66 100 30
97 20 63 17 36 39 23 84 42 4 5 68
97 23 64 11 18 58 29 55 78 97 45 3
97 27 55 9 78 70 93 44 91 71 66 6
97 28 86 22 75 43 9 84 43 92 78 65
97 33 68 42 21 34 40 95 6 19 3 6
97 53 8 95 50 42 83 13 73 33 72 19
97 57 40 93 60 3 98 4 84 2 70 46
97 81 57 97 100 29 21 4 7 53 37 50
97 95 70 45 30 9 3 56 94 25 75 32
98 3 94 65 27 69 34 27 67 27 72 39
98 5 9 59 89 97 42 59 89 25 76 28
98 6 42 78 21 61 44 92 88 52 52 25
98 9 36 10 99 87 10 23 68 9 59 19
98 11 54 22 1 90 15 4 88 49 84 79
98 15 8 60 33 33 75 47 21 35 61 52
98 19 28 15 29 72 60 54 75 55 38 79
98 21 63 20 52 97 69 13 98 31 14 46
98 32 63 11 22 41 39 12 38 37 52 96
98 33 58 57 19 81 37 10 38 49 97 28
98 37 8 99 99 41 40 65 15 74 52 34
98 45 41 72 28 4 71 49 69 82 94 39
98 59 87 83 28 21 16 80 78 84 44 90
98 68 73 25 95 32 21 50 61 34 99 69
98 70 5 64 1 19 86 25 91 8 7 70
98 80 43 90 39 37 95 81 55 3 41 49
98 81 19 51 86 80 40 4 72 93 44 6
98 92 67 75 4 49 89 71 52 69 65 55
99 10 43 65 81 2 93 78 9 57 60 38
99 12 58 31 29 95 65 86 57 73 18 35
99 19 61 73 19 27 71 22 41 45 66 41
99 21 69 35 74 74 12 39 68 18 39 5
99 25 64 33 77 41 36 73 12 8 96 81
99 26 7 98 28 52 68 43 96 78 20 68
99 43 50 26 14 74 68 97 78 81 78 70
99 69 9 32 89 31 94 74 20 48 5 49
99 78 1 62 44 49 74 4 92 15 17 90
99 92 33 43 5 66 11 96 79 85 13 70
