1000 5
0 732 85 38 22 1 6
1 731 12 47 100 2 83
2 305 10 75 10 86 58
3 757 76 63 78 21 89
4 157 20 88 74 59 79
4 379 92 55 4 30 67
4 567 28 6 46 88 32
4 900 22 16 70 7 56
5 404 22 9 5 63 87
9 878 79 51 39 65 39
11 479 63 83 45 93 17
12 856 68 76 86 81 22
14 219 48 81 5 20 91
15 470 22 55 13 50 18
17 165 13 73 99 81 41
17 841 76 81 56 59 37
19 422 89 1 65 37 84
20 974 20 83 94 98 47
21 269 14 31 100 15 66
22 421 70 84 83 100 11
23 349 40 39 43 45 3
23 886 57 45 3 20 25
25 825 17 76 88 52 58
28 920 98 7 23 33 1
29 971 7 32 78 66 78
30 508 90 18 36 55 15
31 156 50 68 31 2 1
31 604 1 72 74 3 20
32 877 41 79 71 74 60
33 705 53 45 72 7 95
34 182 72 25 26 79 85
43 266 2 19 74 27 33
46 439 85 67 73 24 38
47 261 54 5 62 36 84
47 702 50 66 21 93 28
49 410 46 1 63 15 59
52 785 22 44 74 66 26
54 632 36 28 33 51 24
57 978 59 24 80 29 45
58 498 31 13 100 74 35
58 674 79 57 48 8 97
58 981 80 46 21 1 56
59 123 2 10 59 13 42
59 271 75 31 99 50 71
59 465 79 28 49 12 27
60 101 76 21 63 57 35
63 424 44 81 47 95 33
63 583 33 21 48 8 84
65 173 3 95 88 85 13
65 725 71 79 23 74 37
65 923 33 68 61 98 38
66 985 76 31 3 61 20
67 386 81 100 44 11 96
67 936 30 2 53 71 78
68 46 34 95 44 19 90
69 37 42 86 73 58 99
72 477 49 51 67 47 81
73 153 32 55 69 3 60
75 949 23 72 66 46 70
76 611 87 62 97 6 65
77 25 97 56 90 76 19
77 702 80 99 30 92 57
77 815 76 90 39 49 100
77 978 12 89 84 56 73
78 555 75 10 41 4 67
79 984 91 58 98 47 73
84 457 38 96 49 68 56
84 644 82 35 10 21 78
84 993 89 32 63 70 41
85 665 74 26 77 24 53
85 698 52 85 47 36 26
86 126 96 20 8 46 15
88 159 12 72 68 20 78
90 312 42 89 80 97 31
91 34 53 33 52 31 38
91 207 24 40 100 21 56
91 489 10 25 85 77 34
92 718 22 8 7 66 91
93 590 30 30 96 22 65
95 73 76 79 10 19 60
95 493 29 51 36 24 14
99 451 98 62 56 88 72
100 917 94 35 100 22 36
101 327 24 92 64 72 1
101 805 65 11 76 49 94
101 852 89 92 82 75 27
102 327 8 58 41 27 86
105 387 79 83 43 43 33
105 892 94 84 59 73 25
106 413 27 48 10 29 10
107 190 59 99 3 50 79
108 538 96 27 95 32 14
108 938 70 100 34 6 46
110 884 40 8 5 97 85
111 893 80 44 2 28 20
112 482 96 5 16 53 36
116 250 58 92 5 32 70
116 626 82 24 80 38 48
118 641 75 96 61 50 5
118 674 3 65 37 30 6
119 192 20 51 26 91 71
119 830 95 62 54 92 43
120 88 58 47 14 67 8
120 244 100 66 30 70 54
120 793 30 95 73 25 44
122 899 16 26 98 73 18
123 834 33 28 65 51 62
124 60 71 89 79 30 23
124 174 35 94 92 4 82
126 563 34 79 30 5 18
126 949 72 82 52 67 38
127 394 87 33 78 35 29
127 421 57 79 2 83 91
127 905 83 55 25 43 42
130 517 24 13 58 32 80
133 717 34 68 35 13 58
133 972 91 24 19 20 46
135 289 17 74 86 33 58
137 278 23 49 54 10 45
138 279 26 65 82 24 44
138 760 50 72 61 27 90
139 954 5 1 93 66 100
140 950 81 56 6 22 43
141 919 50 78 6 7 20
142 290 77 57 14 50 2
142 376 33 80 51 98 70
142 700 3 87 25 16 59
142 807 97 4 74 51 48
142 874 16 65 50 26 32
143 159 93 51 57 30 62
143 284 31 45 56 42 84
144 379 100 29 21 4 76
144 823 18 80 48 45 60
146 54 38 7 11 98 63
146 275 54 57 85 27 10
146 806 11 8 50 45 63
149 273 31 47 68 25 84
150 89 91 96 12 62 59
152 27 64 67 100 12 20
152 58 67 8 26 97 23
153 107 84 43 25 38 76
155 986 30 96 66 26 25
156 229 22 47 16 77 34
158 836 37 51 79 27 68
158 979 18 34 84 21 71
160 289 35 24 37 100 75
160 348 63 36 36 81 90
161 313 92 68 73 49 68
161 856 55 31 12 72 1
162 622 39 88 14 31 56
164 497 83 86 61 29 73
167 644 68 46 59 76 47
168 547 7 71 64 74 98
169 102 28 3 63 72 31
171 205 37 58 49 3 6
172 836 97 51 23 38 5
173 35 90 43 89 21 93
173 606 71 67 82 7 26
174 718 42 93 83 40 39
175 444 31 18 76 30 77
176 805 49 63 5 88 52
176 927 53 38 63 10 67
177 115 38 48 25 42 37
179 2 43 40 29 26 57
179 194 33 9 65 60 49
179 417 22 95 40 68 97
181 667 1 50 93 63 2
181 954 1 3 11 18 37
182 271 49 29 40 63 69
182 858 47 42 50 100 13
183 93 56 60 70 37 69
183 159 32 51 28 46 61
184 864 14 8 97 79 14
188 832 66 49 54 43 78
189 843 69 66 7 55 71
190 652 40 85 7 8 57
190 754 70 49 40 99 69
191 49 16 54 39 77 15
192 135 47 89 80 59 83
192 347 41 77 34 89 32
192 427 50 60 30 11 78
194 614 10 59 39 84 62
194 724 2 1 97 17 31
195 207 52 35 92 99 48
195 599 52 29 30 74 53
197 240 63 14 3 6 4
197 732 49 2 25 59 64
202 890 12 38 50 37 13
203 472 62 30 71 25 22
204 536 37 95 13 56 20
205 188 41 76 75 69 78
205 825 4 2 87 53 54
207 552 13 69 37 95 34
207 753 68 32 56 34 100
208 365 8 65 23 31 59
210 468 5 86 16 54 82
210 483 52 78 87 79 43
213 108 94 52 10 40 1
213 313 93 41 80 11 49
214 885 47 35 1 25 2
216 974 39 69 2 76 62
218 492 36 88 7 94 24
221 17 60 63 45 33 33
221 389 80 10 6 79 63
222 514 26 61 73 95 63
223 406 63 72 16 82 33
224 346 20 6 62 33 15
224 744 40 83 43 41 97
224 747 89 29 23 25 53
224 762 92 15 74 45 73
226 71 95 78 24 75 2
226 145 70 41 16 16 87
227 936 35 85 81 74 87
228 208 34 52 76 98 52
228 430 65 6 60 16 82
229 258 21 63 81 29 64
231 813 68 14 10 52 15
231 941 43 66 39 11 43
232 709 73 93 37 79 31
234 312 82 78 53 100 49
234 459 57 11 60 5 3
236 24 48 61 30 58 87
236 292 12 85 96 49 47
236 827 20 75 47 28 2
237 403 74 61 58 100 33
237 553 4 78 68 20 78
238 461 64 27 30 54 67
240 975 10 69 36 94 64
241 686 91 24 40 14 41
242 81 83 22 74 64 100
243 662 78 97 27 30 77
243 993 22 12 81 99 66
244 70 51 85 90 74 40
246 427 24 77 17 72 43
246 809 83 76 3 77 69
247 647 83 8 11 29 27
249 535 17 68 54 92 99
250 369 11 78 53 15 4
251 244 3 21 71 71 17
252 593 56 51 29 85 86
252 958 57 29 4 13 37
253 554 63 79 39 42 34
254 640 10 24 84 29 95
255 549 34 96 41 55 59
256 116 42 9 79 31 13
256 937 84 45 43 63 62
257 121 83 43 62 8 69
257 456 36 74 100 74 79
258 630 62 37 78 3 51
262 610 39 63 98 71 91
263 855 54 31 95 4 60
264 488 4 49 92 82 72
270 930 87 62 13 64 75
272 972 67 18 36 95 3
275 212 12 50 76 37 75
275 664 94 67 28 36 20
277 316 29 90 61 31 97
277 322 36 30 92 10 13
279 764 88 3 18 60 79
282 574 71 61 82 44 7
287 817 96 61 22 15 42
289 488 26 75 61 52 71
289 816 30 75 27 74 71
289 905 9 97 40 89 83
290 225 6 95 3 37 8
290 263 82 41 27 68 68
291 269 76 9 70 6 15
293 304 56 70 93 79 32
294 763 13 73 61 30 71
294 901 9 18 73 75 34
296 685 95 98 65 6 35
296 818 70 58 97 66 97
299 99 71 33 38 2 66
299 337 59 75 37 42 75
300 792 66 30 37 85 15
302 160 50 29 8 21 49
302 948 59 100 100 63 75
303 95 95 37 79 68 33
304 195 73 61 73 95 62
306 879 71 8 15 44 14
307 484 75 73 19 87 78
308 118 37 54 81 83 61
309 594 30 83 26 98 74
310 476 34 32 66 44 53
314 53 4 19 52 53 95
315 342 59 86 96 26 66
315 365 57 30 84 73 79
315 711 9 58 19 62 37
317 0 61 81 57 2 33
317 977 2 43 38 92 23
319 435 34 49 9 63 28
319 439 74 67 37 16 6
320 39 41 83 84 39 100
320 227 1 79 4 85 19
320 467 4 47 67 30 40
324 541 11 37 42 71 44
324 986 40 62 56 85 28
325 691 96 10 93 2 51
326 844 83 98 1 39 99
326 909 42 5 10 47 72
327 381 63 57 62 59 33
327 795 64 11 17 5 74
330 415 84 86 5 14 94
331 584 17 21 73 59 17
335 307 86 71 87 64 45
335 800 48 42 10 49 93
336 315 69 61 81 12 77
336 374 79 96 26 95 6
336 724 78 47 86 87 22
336 749 12 45 58 86 97
339 211 55 49 53 81 26
339 276 88 9 70 26 80
339 653 16 92 87 32 25
339 700 68 44 70 85 81
339 807 24 65 51 20 40
340 58 91 6 50 71 73
340 63 22 35 20 50 3
340 885 87 18 24 66 84
341 106 78 56 32 42 96
341 151 87 34 58 5 10
341 246 61 61 89 43 54
341 548 48 63 17 26 25
342 448 40 4 69 24 57
343 972 14 45 53 1 73
344 796 79 77 56 73 17
345 1 70 81 25 98 91
345 545 50 65 1 40 53
346 319 98 34 2 30 89
346 775 9 82 96 53 62
348 653 54 96 14 88 53
349 304 5 76 17 84 1
350 533 1 44 58 51 100
353 46 50 74 74 45 3
355 701 66 19 6 55 62
356 573 77 40 96 75 90
356 724 10 29 26 26 40
356 777 99 85 14 50 28
357 330 56 52 44 12 22
357 394 78 60 71 59 47
358 321 36 31 99 79 70
358 793 34 11 73 44 25
358 815 26 85 14 53 37
359 221 92 25 78 11 70
359 392 80 56 2 10 40
359 667 92 80 84 16 76
360 432 36 30 85 2 52
362 586 70 40 73 99 49
364 72 62 41 51 87 22
365 443 60 89 90 65 83
365 748 54 23 8 17 73
369 436 62 37 25 27 67
369 700 99 54 48 87 40
369 903 85 93 24 27 93
371 802 80 37 69 23 79
372 318 40 80 64 58 96
374 109 25 24 33 82 82
375 720 28 22 57 69 75
376 2 77 97 13 30 1
376 398 48 50 9 15 18
378 576 72 94 47 63 68
378 737 73 8 3 98 26
379 426 29 26 67 45 41
381 36 33 87 84 35 23
382 753 30 64 30 24 1
383 915 95 100 15 40 39
384 688 57 55 12 82 65
385 332 76 81 20 19 3
386 459 53 46 86 79 74
387 316 49 10 71 75 73
389 93 13 57 53 16 86
389 168 8 77 7 86 84
390 293 82 72 41 46 58
394 526 70 83 10 82 51
395 228 26 95 16 4 73
395 365 66 37 26 13 87
398 502 29 64 40 93 92
401 408 32 46 57 41 13
402 444 61 47 4 56 3
402 792 73 54 88 13 21
403 800 91 34 3 84 99
404 4 12 81 24 81 5
405 459 90 12 73 84 61
406 307 93 25 14 60 45
406 991 48 17 38 81 100
408 275 17 34 81 56 56
408 351 85 91 22 37 89
408 582 49 90 70 62 50
410 712 44 40 73 8 26
410 745 64 70 90 4 35
410 855 48 30 14 4 96
412 566 84 74 21 86 87
412 731 58 15 64 82 83
414 866 100 1 8 22 91
417 734 80 46 60 100 71
418 790 43 41 90 17 11
419 331 100 46 24 40 84
420 981 29 74 61 35 86
422 596 47 70 10 51 96
424 99 67 51 63 92 49
424 327 27 57 24 76 87
424 391 85 79 2 39 77
424 396 23 32 53 75 4
425 49 20 78 47 59 63
425 209 73 46 11 76 68
427 988 83 10 53 82 18
428 185 47 57 98 84 8
430 7 6 58 45 4 67
430 613 79 58 62 14 83
430 931 20 4 6 100 37
434 903 65 14 48 89 89
437 78 96 100 33 44 78
437 199 45 22 85 68 82
438 175 95 25 16 40 79
439 116 23 59 94 63 94
440 151 21 59 1 51 58
441 396 55 47 58 76 62
441 403 61 88 69 87 24
442 631 80 54 56 28 53
443 761 3 80 50 12 71
445 922 92 93 19 43 20
448 402 59 22 97 61 91
448 757 90 57 86 91 22
448 812 42 30 46 9 32
450 486 56 9 73 67 29
450 635 4 71 61 30 52
452 972 5 72 31 76 1
453 97 20 24 25 27 53
454 88 3 16 28 8 68
455 878 14 94 19 96 13
456 306 54 14 36 68 55
459 950 14 9 76 16 12
461 525 65 83 84 92 63
461 728 56 11 20 96 57
462 323 79 11 3 60 99
462 925 58 51 86 9 31
463 268 86 74 42 19 76
463 848 30 22 69 61 11
464 486 60 42 42 33 62
465 343 90 63 25 13 68
467 609 31 73 90 32 28
468 706 56 17 19 16 67
469 404 88 33 2 93 69
471 473 9 46 6 91 78
474 78 52 15 24 94 64
474 979 42 76 100 14 32
474 995 84 59 54 68 46
477 563 15 4 59 21 30
479 495 34 75 56 52 35
481 76 38 73 96 60 6
481 109 70 67 6 70 80
483 928 26 70 87 86 16
484 461 64 28 1 37 95
485 715 48 49 8 62 50
486 498 90 89 99 7 47
487 188 60 65 3 64 32
489 494 73 65 71 48 47
491 700 77 85 93 98 86
493 110 95 49 86 6 64
494 726 24 99 69 34 12
501 971 23 48 49 49 35
503 61 40 12 40 62 56
503 352 3 14 94 76 54
506 101 28 46 48 29 10
507 552 89 44 91 54 35
508 388 57 38 98 76 96
509 777 12 2 45 53 61
512 986 7 38 48 30 65
513 98 60 25 50 41 2
513 107 29 98 49 39 46
513 684 65 26 36 77 63
514 186 75 42 52 4 73
514 424 75 23 78 2 68
517 616 3 4 97 27 93
517 648 73 91 52 86 84
518 145 84 21 66 39 86
518 325 30 13 20 12 15
519 483 15 47 11 97 38
521 929 10 50 58 36 92
522 1 36 21 73 90 93
522 303 88 92 13 15 20
523 634 93 91 64 43 88
524 307 22 11 41 20 33
525 635 60 58 74 64 35
525 983 44 5 39 70 43
526 200 6 29 1 21 46
526 423 71 29 82 78 100
528 229 54 91 28 16 43
529 335 6 31 60 38 46
529 854 58 8 38 24 45
531 194 67 71 86 22 58
532 381 90 54 33 48 51
533 629 85 64 60 4 21
533 768 26 10 54 86 98
533 794 91 94 54 44 75
536 981 13 12 16 71 69
537 927 55 89 85 36 58
538 169 23 88 43 91 89
539 515 71 49 62 78 23
539 853 83 25 82 86 32
541 35 1 83 32 30 12
542 829 56 70 94 45 2
546 568 93 32 12 86 70
548 726 2 41 71 30 89
550 675 77 12 22 28 62
552 32 69 50 61 7 69
553 962 44 29 17 39 81
554 249 72 69 30 26 59
554 328 77 3 33 95 81
554 437 41 19 93 9 12
556 97 45 4 17 62 7
556 500 55 45 38 84 74
558 151 98 60 27 75 68
558 687 3 4 53 78 13
559 818 76 55 98 61 47
561 481 94 25 35 81 94
561 559 39 95 80 23 34
561 571 30 80 30 63 13
562 36 12 14 38 3 27
563 629 53 4 68 75 88
564 795 53 10 12 10 29
565 662 3 63 37 68 75
567 532 5 5 52 36 67
568 600 10 96 20 70 74
571 530 55 6 25 47 98
572 852 31 61 51 89 21
572 933 14 42 27 71 33
576 445 7 67 9 38 92
576 729 57 90 72 46 35
578 38 91 34 36 5 25
578 387 53 36 28 27 78
578 391 13 92 15 63 68
578 467 21 86 25 94 66
581 42 7 56 84 44 50
582 84 12 77 56 7 58
583 33 68 80 59 14 9
584 671 37 80 12 80 72
584 701 13 66 3 52 76
585 97 60 57 56 24 62
586 31 94 99 94 84 100
586 395 23 36 63 42 5
586 997 70 39 63 96 26
587 543 22 58 71 43 45
587 883 73 8 85 26 81
589 214 91 2 70 50 24
589 633 52 100 72 74 73
590 994 73 6 89 94 53
591 59 6 44 19 62 18
591 345 8 40 76 37 48
592 742 21 86 26 2 12
592 905 95 41 52 10 44
595 61 60 58 77 90 71
596 143 6 14 6 45 55
599 447 17 21 35 70 71
600 369 53 58 7 86 10
601 68 99 23 72 79 72
601 576 20 57 90 89 49
601 611 46 84 79 87 8
601 819 65 88 14 61 12
603 244 18 10 76 31 23
603 619 23 19 85 41 64
603 641 60 74 32 12 46
603 771 48 3 69 91 46
604 509 97 70 36 19 24
605 847 58 8 69 89 90
606 950 8 53 41 81 4
610 703 80 25 23 60 93
611 15 80 26 90 60 10
615 81 16 82 6 11 1
616 80 15 18 27 27 85
616 264 67 13 95 45 8
616 885 13 2 12 9 88
617 792 68 17 28 54 11
618 139 57 85 31 72 13
619 109 88 40 94 46 79
619 781 39 79 24 27 15
620 260 37 22 93 29 83
624 21 92 79 78 34 27
624 475 98 95 70 88 61
624 496 12 46 50 39 91
625 783 20 91 20 22 90
626 72 92 36 98 84 98
627 905 46 11 34 90 50
631 43 67 53 27 93 41
631 613 87 60 90 58 54
633 646 75 17 18 50 66
634 576 81 58 47 40 60
636 98 4 92 40 4 4
638 120 7 20 48 47 68
638 353 98 25 45 43 83
640 581 16 4 52 97 35
640 706 73 80 38 80 93
642 683 40 5 100 44 1
643 709 33 26 3 48 61
644 243 70 39 30 7 9
644 667 59 87 92 37 50
645 804 41 37 49 94 7
645 832 68 60 47 31 71
647 43 92 93 89 84 34
648 914 57 88 55 81 86
650 0 56 83 40 45 59
650 79 20 47 17 10 40
650 119 59 89 82 22 25
651 285 73 72 55 75 88
651 345 56 81 30 92 32
651 748 66 48 58 38 77
653 231 9 21 54 31 26
654 47 41 40 72 13 96
654 807 59 17 23 48 22
655 815 63 43 62 16 7
657 137 30 87 94 30 44
658 175 73 34 72 15 26
659 863 88 70 47 41 26
660 617 57 24 63 19 2
663 532 84 19 18 6 96
663 584 70 55 44 77 76
663 685 93 52 23 80 76
666 232 36 42 60 78 22
667 627 45 28 11 18 41
667 714 70 99 71 79 62
669 432 100 9 83 63 98
669 951 60 98 73 81 49
670 630 16 29 1 41 63
671 541 91 7 53 8 48
671 578 20 94 74 31 95
671 626 92 22 17 3 48
672 574 72 79 82 89 95
673 58 91 50 70 65 38
674 251 62 94 33 12 49
674 466 65 34 38 87 70
674 791 48 63 63 14 66
674 998 31 7 61 37 87
675 41 74 8 39 27 4
675 286 86 55 62 66 39
679 379 80 67 45 66 93
679 832 78 28 14 32 57
679 969 20 99 94 42 30
680 449 16 69 12 99 56
681 518 2 34 81 47 62
684 530 36 62 32 81 60
685 46 87 84 22 76 60
686 62 52 77 51 29 1
686 543 19 24 41 89 94
687 524 35 37 5 34 5
688 459 87 78 44 87 58
688 474 72 81 9 78 26
688 628 56 86 94 73 26
690 80 29 12 88 9 54
690 573 59 35 27 81 49
691 779 97 1 16 75 99
694 129 16 17 83 68 39
694 496 9 11 18 8 71
694 821 79 39 3 21 67
695 393 17 72 65 63 49
696 919 7 22 80 11 88
697 475 93 43 24 72 76
698 843 97 84 33 16 42
699 26 82 15 37 25 66
699 790 18 44 91 23 36
702 13 6 6 97 71 9
702 448 70 63 68 4 91
702 481 39 73 64 51 8
703 661 27 79 98 81 75
703 681 89 58 76 37 51
705 216 71 55 6 52 36
705 624 52 10 4 86 25
706 689 42 33 22 69 94
707 786 66 1 70 82 14
709 9 15 13 17 72 60
709 285 98 56 47 83 3
709 448 79 8 35 99 6
709 658 36 2 97 88 37
711 96 36 3 15 26 35
711 556 27 75 86 84 2
713 773 8 71 66 12 22
715 331 63 56 38 37 3
715 921 71 7 100 36 28
716 831 36 38 85 75 42
717 59 67 98 17 34 41
718 357 65 45 20 40 73
718 903 94 10 19 77 89
719 283 55 83 83 57 55
719 652 97 43 69 100 90
721 307 89 61 93 27 16
723 381 19 13 35 33 32
723 510 9 99 45 54 81
723 777 1 97 16 99 22
724 543 54 83 8 97 98
725 820 46 78 72 61 15
727 599 16 37 28 72 58
729 472 43 77 88 41 48
730 372 37 22 79 60 92
731 577 54 27 56 88 100
734 621 80 29 53 95 17
735 65 28 79 52 95 67
735 99 98 74 49 20 21
735 346 47 86 91 1 40
735 756 33 76 86 20 12
736 341 6 83 60 39 14
736 986 57 43 46 54 54
737 845 34 65 87 53 30
737 860 52 35 15 92 94
737 899 86 67 100 10 25
738 178 38 3 89 80 85
739 437 41 45 100 2 92
739 881 95 1 93 85 11
740 174 20 45 32 52 45
740 367 50 25 51 72 6
741 12 45 15 44 45 39
741 291 78 90 94 80 95
741 316 65 97 89 68 86
743 283 78 90 84 7 45
743 344 73 34 78 28 72
745 744 52 74 93 89 72
747 359 26 50 31 51 14
747 497 29 73 9 29 84
747 669 99 10 81 53 65
748 399 63 33 19 37 89
749 216 13 17 86 62 91
749 630 98 66 19 34 61
755 119 47 66 93 44 62
756 570 96 18 73 70 30
756 663 73 6 21 13 73
757 113 59 56 53 65 59
759 146 20 1 22 21 20
760 257 15 83 70 89 74
761 751 88 24 84 24 59
762 171 27 12 92 88 100
762 199 76 43 16 99 3
763 504 14 78 54 67 94
763 515 71 92 99 7 31
764 566 69 32 50 24 75
768 16 38 79 35 10 27
768 581 42 34 12 46 34
770 230 53 28 99 63 28
773 594 96 59 39 11 78
773 861 98 86 23 47 91
774 279 3 22 25 83 78
774 946 2 13 99 47 70
777 408 64 39 63 50 92
778 340 20 7 69 71 7
778 559 15 91 80 97 36
778 972 46 40 2 4 68
782 38 66 1 31 27 80
784 144 7 7 5 66 63
785 562 75 71 87 21 22
786 554 18 76 92 41 54
787 77 40 72 75 79 83
787 119 61 42 7 9 80
787 670 55 68 57 28 14
787 924 59 85 52 97 69
788 512 25 43 39 4 57
790 238 55 78 50 63 99
791 733 43 22 95 66 29
792 241 15 13 34 16 51
793 702 53 89 58 25 89
794 370 81 2 68 22 84
798 21 82 91 90 45 57
799 60 68 50 69 91 66
799 785 89 79 60 31 92
799 945 36 22 8 82 3
800 542 64 27 64 91 89
801 169 17 60 66 75 1
801 388 23 93 81 61 89
801 597 57 91 33 50 4
804 495 77 74 8 90 80
804 632 6 23 12 66 44
808 341 96 87 21 55 70
808 646 83 63 49 75 56
809 982 73 28 74 66 65
810 406 8 1 77 81 66
810 808 37 58 75 29 96
810 964 50 56 62 26 47
813 748 63 47 90 64 58
813 833 98 99 92 93 74
814 281 97 46 2 81 79
814 567 91 13 11 42 80
815 827 92 74 18 76 36
816 537 72 96 34 22 9
818 34 6 64 14 31 22
818 333 22 34 77 100 4
818 377 31 51 62 78 72
819 285 6 17 41 16 16
819 895 84 65 20 61 88
820 231 72 100 95 76 8
820 588 47 80 71 38 33
820 654 68 88 74 66 93
821 92 19 58 20 3 30
821 440 85 60 43 96 87
821 810 57 76 9 19 34
822 427 37 91 57 22 48
822 489 88 36 59 51 38
823 341 32 78 92 85 17
824 642 13 64 7 89 100
825 285 72 39 99 100 73
826 288 87 5 8 30 88
827 26 1 28 56 73 49
827 572 87 97 96 84 39
827 801 49 47 19 18 36
827 855 74 60 11 74 9
828 957 27 93 60 67 40
831 303 77 18 86 33 46
832 662 56 76 72 61 25
834 38 19 21 21 8 53
836 366 37 83 53 94 77
836 451 30 62 40 28 7
838 490 78 89 82 63 97
838 941 47 49 94 4 30
839 520 31 53 100 45 52
839 541 97 45 28 66 54
840 601 53 97 60 50 14
848 722 98 32 76 56 65
849 269 44 40 16 14 83
849 821 6 41 27 96 89
850 366 15 77 22 13 49
850 836 3 96 83 1 42
851 919 46 63 37 24 72
852 531 95 64 23 49 40
852 704 25 5 54 43 82
856 596 39 60 44 78 47
857 469 84 46 1 82 62
858 613 11 52 86 73 95
859 435 18 7 46 91 1
861 825 10 67 2 22 23
862 268 18 77 53 78 5
862 769 3 98 27 21 87
864 284 4 6 84 84 93
864 453 2 22 80 66 1
865 980 5 7 80 71 19
866 20 87 37 19 16 21
866 514 6 37 50 18 87
866 797 36 56 13 70 33
868 45 50 5 71 4 51
868 224 62 19 78 34 40
869 972 13 16 84 7 87
870 998 88 73 42 20 42
873 518 84 70 34 4 27
873 780 21 11 25 14 56
875 909 91 52 53 6 37
876 517 42 62 39 79 72
876 745 13 83 61 63 88
876 991 94 54 79 71 86
877 190 59 51 42 21 5
877 229 18 9 41 41 62
878 335 6 42 100 41 42
882 46 76 36 18 32 33
882 195 35 75 99 95 27
882 431 9 78 28 85 1
884 28 77 65 77 64 91
885 442 44 14 96 24 12
886 364 49 30 7 77 58
886 671 18 78 67 46 15
887 346 79 91 45 80 98
887 901 65 45 64 36 39
890 580 73 60 3 74 11
890 740 11 17 20 46 85
891 427 66 48 25 10 89
892 116 99 77 15 48 98
894 222 2 8 34 35 98
895 153 53 58 96 52 73
895 935 8 42 34 68 73
896 394 2 24 96 14 31
899 27 59 99 16 100 91
901 382 8 95 51 89 52
905 976 83 49 97 97 20
908 844 46 20 43 30 62
909 578 67 77 76 52 71
910 399 69 70 42 88 88
913 739 82 60 15 28 74
914 153 60 9 70 100 1
915 190 68 38 53 67 78
915 522 78 36 97 37 5
918 567 82 49 63 65 80
919 261 22 21 26 40 49
921 26 91 27 28 71 18
921 432 77 88 61 30 64
923 996 12 41 25 42 40
924 282 40 33 32 37 50
924 319 33 63 24 29 48
924 504 40 21 26 92 27
925 207 53 41 92 68 18
925 846 49 62 17 52 84
926 157 63 8 27 84 62
928 482 86 38 33 31 15
928 813 37 43 88 79 66
929 359 18 64 23 74 55
930 700 96 55 4 82 96
931 36 76 70 1 61 96
931 148 93 34 96 43 48
933 114 32 67 33 21 98
933 527 49 28 58 99 45
934 12 25 55 79 86 8
934 258 92 76 16 26 95
934 693 17 45 59 73 45
936 510 14 33 2 75 74
936 835 34 6 65 16 83
938 980 13 1 31 39 5
939 133 32 36 65 5 3
940 828 53 34 79 65 65
944 226 77 8 17 26 67
945 683 82 32 94 61 2
946 529 44 16 42 42 49
946 612 55 20 57 93 67
948 534 2 79 67 98 63
948 580 11 13 72 97 32
948 622 28 52 48 43 47
950 144 35 16 40 78 33
950 535 76 70 24 43 8
951 803 31 67 29 65 45
951 898 3 52 15 79 99
953 204 57 87 15 37 48
953 217 21 72 53 76 65
954 38 84 7 19 40 77
954 55 46 13 62 9 17
955 760 28 90 34 3 11
955 892 75 23 67 78 32
955 895 95 6 7 23 78
956 507 56 48 97 96 44
956 750 88 89 12 89 73
959 296 20 58 29 77 90
959 370 59 100 69 39 88
959 447 74 3 80 12 43
960 395 27 32 26 38 92
962 297 14 39 74 32 13
963 928 61 65 65 9 21
966 338 59 2 25 94 58
968 502 84 86 32 70 15
968 856 13 13 81 62 45
969 4 38 60 57 25 99
969 102 98 39 39 52 61
971 764 15 97 47 37 50
971 833 10 71 63 21 39
975 127 5 89 89 65 35
975 974 95 53 21 81 26
976 451 77 27 41 94 71
976 641 13 41 96 84 18
979 754 27 98 49 56 97
979 828 17 43 56 82 81
981 489 98 80 39 57 77
981 723 61 24 20 46 30
981 741 71 37 4 11 94
982 755 28 14 56 98 2
985 370 55 67 35 28 10
989 526 21 1 67 90 62
989 559 89 85 54 27 52
991 150 4 8 59 51 100
991 392 65 43 19 43 85
991 762 55 55 67 88 44
992 790 16 84 58 62 25
992 998 14 97 55 30 50
993 395 30 88 6 70 51
994 196 53 3 39 37 100
994 862 30 42 63 17 42
995 482 47 64 20 68 21
996 220 3 22 6 54 4
996 234 37 93 99 21 32
998 141 86 12 50 35 32
