100 1
0 6 4
0 35 6
0 37 2
0 39 9
0 52 8
0 66 10
0 67 1
0 82 4
1 4 4
1 13 4
1 17 7
1 29 7
1 40 6
1 59 6
2 54 6
2 76 7
2 80 5
2 82 5
2 83 6
3 0 9
3 22 2
3 65 7
3 78 7
4 39 6
4 47 6
4 97 10
4 98 6
5 23 7
5 56 5
5 58 1
5 80 10
5 90 7
6 0 5
6 17 2
6 34 2
6 60 1
7 19 2
7 42 3
7 56 7
8 28 9
8 30 4
8 39 8
8 56 1
8 87 5
8 90 3
9 37 5
9 42 3
9 58 1
9 78 1
9 79 8
9 88 6
10 52 8
10 76 4
10 92 3
10 99 8
11 1 8
11 15 5
11 24 3
11 41 10
11 60 6
11 73 7
11 88 10
11 89 1
11 90 6
11 92 2
12 5 8
12 32 1
12 45 7
12 64 6
12 85 10
13 22 2
13 23 9
13 32 2
13 53 9
13 60 8
13 78 9
14 21 10
14 40 5
14 47 10
14 64 3
15 3 2
15 6 4
15 7 3
15 44 7
15 58 2
15 72 3
15 80 7
15 82 5
15 88 2
16 17 8
16 27 4
16 28 8
16 56 7
16 70 5
16 96 5
16 99 6
17 0 4
17 1 9
17 5 1
17 27 7
17 37 3
17 54 3
17 72 1
17 76 3
17 98 2
18 70 5
18 87 3
18 91 3
18 92 6
19 42 2
19 64 8
20 1 1
20 24 3
20 54 9
20 59 10
20 95 2
21 8 5
21 11 5
21 17 6
21 43 5
21 68 9
21 73 3
21 86 5
22 6 3
22 63 7
22 88 6
23 1 6
23 4 6
23 10 1
23 11 7
23 39 9
24 25 10
24 27 7
24 64 9
24 88 6
25 0 7
25 20 5
25 44 3
25 59 7
25 66 3
25 75 4
26 5 4
26 6 3
26 70 3
26 74 3
27 62 1
27 69 2
28 35 1
28 56 7
28 65 3
28 84 8
28 96 5
29 2 7
29 25 8
29 43 9
29 73 6
29 76 4
29 83 5
29 84 5
30 3 1
30 53 1
30 92 10
30 98 3
31 12 5
31 77 7
32 2 3
32 14 9
32 44 10
32 61 8
32 90 10
32 91 3
33 53 5
33 84 3
33 89 10
33 94 7
34 99 9
35 1 4
35 3 5
35 39 5
35 41 2
35 59 7
35 63 4
35 99 2
36 28 10
36 38 1
36 61 3
36 97 6
37 47 2
37 89 8
38 9 9
38 25 3
38 33 6
38 34 2
38 45 3
38 74 4
38 75 6
38 80 2
38 83 10
39 40 8
40 45 7
40 46 1
40 55 8
41 97 9
42 5 3
42 15 8
42 18 10
42 79 10
42 94 7
43 8 4
43 20 4
43 25 10
43 27 3
43 31 5
43 36 10
43 74 7
43 99 4
44 37 8
44 38 10
44 45 4
44 56 9
45 12 9
45 31 2
45 79 8
45 84 10
46 15 1
46 32 10
46 52 6
47 26 6
47 45 3
47 51 7
47 65 7
48 26 10
48 45 5
48 84 9
48 92 4
49 73 3
49 83 9
49 86 3
49 95 10
50 2 3
50 26 7
50 66 4
50 88 1
51 49 3
51 83 10
52 5 5
52 22 6
52 23 3
52 37 1
52 46 6
52 82 10
53 1 1
53 3 8
53 19 10
53 59 6
53 62 7
53 88 5
53 97 5
54 4 3
54 38 7
54 44 2
54 45 7
54 52 10
55 19 7
55 42 9
56 7 4
56 11 4
56 25 10
56 38 6
56 65 3
56 72 8
56 80 2
57 9 6
57 12 8
57 25 8
57 73 6
58 31 1
58 32 5
58 50 6
58 93 6
59 21 2
59 34 7
59 45 2
59 65 3
60 9 10
60 19 6
60 38 9
60 75 1
60 78 9
61 20 7
61 67 2
62 13 1
62 35 3
62 48 3
62 81 6
62 88 6
62 98 7
63 3 1
63 24 6
64 23 9
64 41 8
64 57 9
64 82 5
64 96 7
65 63 3
65 83 5
65 96 5
66 3 3
66 14 7
66 22 2
66 46 10
66 48 8
66 49 3
67 0 9
67 7 10
67 36 8
67 55 6
67 98 3
67 99 1
68 74 8
68 77 6
68 92 8
69 2 3
69 21 5
69 30 8
69 31 7
69 41 6
69 89 6
70 1 3
70 49 6
71 1 1
71 52 5
71 91 4
71 98 6
72 23 10
72 42 4
72 61 3
72 82 4
72 99 4
73 27 9
73 30 6
73 32 8
73 44 9
73 75 5
73 81 7
73 84 6
73 92 5
74 13 2
74 21 4
74 51 3
74 78 3
74 82 8
74 87 7
75 5 9
75 21 4
75 43 1
75 64 6
75 69 10
75 80 3
75 81 7
75 94 8
76 22 8
77 34 1
77 63 8
77 72 9
77 82 5
77 84 3
78 12 6
78 25 5
78 31 8
79 29 6
79 30 6
79 40 10
79 47 9
79 54 2
79 67 4
79 72 9
80 56 7
80 67 3
80 90 6
80 94 6
80 95 9
81 39 10
81 44 1
81 51 8
81 98 3
82 1 8
82 24 5
82 31 4
82 38 10
82 45 4
83 0 2
83 19 10
83 31 9
83 38 3
83 63 8
83 66 4
83 69 9
84 4 7
84 11 5
84 17 9
84 21 8
84 94 1
85 40 1
85 52 7
85 61 6
85 69 10
85 73 10
85 74 10
85 83 8
86 19 5
86 53 8
86 67 6
87 1 6
87 3 5
87 22 7
87 92 8
88 21 1
88 38 9
88 48 8
88 49 1
88 56 9
88 71 1
88 91 9
89 14 5
89 22 3
89 42 9
89 44 7
89 45 9
89 66 10
89 84 4
89 93 6
90 19 3
90 22 5
90 33 2
90 57 5
90 58 5
91 13 8
91 15 8
91 17 2
91 68 5
92 0 1
92 6 1
92 11 9
92 13 2
92 60 6
92 71 10
93 14 10
93 18 5
93 30 3
93 35 8
93 43 5
93 56 7
93 58 1
93 85 1
93 86 8
95 29 6
95 35 9
95 38 6
95 42 8
95 62 1
95 71 3
95 79 1
96 25 7
96 38 8
96 57 7
97 9 5
97 11 6
97 34 7
97 45 2
97 73 3
97 86 1
97 99 1
98 22 1
98 59 9
98 76 1
99 90 6
99 93 3
