100 5
0 1 1 7 3 1 6
0 24 9 7 4 8 3
0 32 10 1 4 6 6
0 34 10 1 5 5 5
0 46 5 8 1 5 2
0 49 2 2 1 9 7
0 97 8 4 1 8 10
1 6 3 9 3 2 9
1 9 9 8 6 8 1
1 17 9 4 9 6 3
1 23 1 2 5 9 4
1 47 7 3 7 6 1
1 49 8 5 2 2 4
1 53 5 3 10 9 5
1 61 8 2 9 9 4
1 63 7 6 3 9 8
1 76 6 2 1 2 3
1 78 1 7 2 2 8
1 90 3 8 5 9 3
1 94 10 4 10 6 2
1 98 2 3 7 8 3
2 9 8 1 2 10 4
2 11 3 8 4 1 10
2 14 8 10 2 9 5
2 17 1 6 4 3 5
2 22 7 4 3 3 4
2 30 2 4 3 10 5
2 32 4 1 8 6 9
2 58 6 5 4 8 4
2 76 8 8 6 6 8
2 80 1 10 7 1 1
2 90 3 1 1 3 3
3 4 1 2 4 5 9
3 10 1 6 2 1 5
3 17 9 6 3 7 10
3 43 1 5 1 8 2
3 69 8 1 3 1 8
3 77 8 8 3 8 3
3 96 1 5 1 6 2
4 7 7 10 9 5 3
4 8 10 5 6 1 6
4 16 6 6 3 3 8
4 22 6 5 6 4 9
4 28 6 1 5 7 10
4 31 5 9 5 6 1
4 32 6 10 7 2 1
4 34 6 9 2 3 5
4 41 8 3 8 2 2
4 43 6 4 3 3 4
4 51 5 5 10 6 1
4 59 9 10 9 8 2
4 61 7 4 7 3 1
4 75 2 4 3 4 8
4 93 10 2 3 6 7
5 22 2 10 7 5 4
5 23 6 2 8 8 8
5 41 4 8 1 1 9
5 43 2 1 5 10 8
5 47 7 2 5 3 6
5 64 9 1 4 3 1
5 89 8 6 4 3 5
6 7 2 5 4 1 5
6 8 8 5 9 8 2
6 28 9 9 10 4 8
6 50 4 7 10 5 5
6 75 8 9 1 3 2
6 84 3 6 9 10 4
6 87 1 8 3 7 6
6 95 4 1 3 6 8
6 96 6 1 9 7 1
7 4 3 5 9 8 8
7 12 2 6 10 4 9
7 21 4 9 8 5 6
7 38 4 10 5 5 10
7 58 7 4 10 7 8
7 63 3 10 10 2 6
8 4 3 1 7 9 2
8 27 7 4 3 2 9
8 29 3 8 6 9 4
8 75 5 8 4 9 9
8 81 10 10 4 9 9
8 83 4 1 4 6 5
8 86 8 9 5 1 7
8 91 7 4 7 2 8
8 94 5 9 8 9 1
9 1 4 2 10 4 2
9 16 4 1 2 9 8
9 28 4 6 7 6 7
9 29 2 3 2 8 10
9 31 4 4 7 9 4
9 43 2 6 2 7 5
9 49 10 2 10 6 5
9 62 4 6 5 6 4
9 67 3 1 10 1 7
9 70 6 4 8 6 7
9 71 9 6 4 3 8
9 72 10 6 2 8 3
9 80 1 7 10 4 10
9 86 2 10 2 4 6
9 95 8 1 6 9 3
10 21 5 7 8 5 3
10 32 3 3 10 3 10
10 60 8 9 7 3 6
10 76 2 5 2 7 2
10 81 2 8 5 10 6
10 90 4 3 10 10 6
10 96 10 6 4 6 5
11 23 4 8 4 6 6
11 31 1 2 8 10 6
11 32 6 6 6 3 4
11 40 6 6 2 8 4
11 53 2 4 3 1 5
11 56 5 9 1 6 5
11 63 4 3 7 2 8
11 66 9 2 3 5 5
11 68 1 9 6 5 3
11 92 7 8 3 3 7
12 13 2 7 3 9 6
12 18 9 9 7 7 5
12 20 9 6 8 8 9
12 25 8 1 7 6 6
12 60 5 3 10 5 3
12 63 5 9 8 4 4
12 66 10 2 3 5 3
12 67 8 10 1 3 7
12 71 9 4 6 1 10
12 79 2 7 4 6 10
12 94 3 3 9 1 4
13 16 10 1 4 8 2
13 26 1 9 2 6 3
13 29 6 5 9 5 4
13 33 2 10 4 3 1
13 47 10 6 6 7 4
13 52 3 9 1 8 9
13 67 9 9 6 2 3
13 80 7 6 1 1 8
13 81 5 9 2 3 5
13 91 2 1 9 3 9
14 2 9 4 8 1 2
14 28 3 3 4 2 2
14 29 1 10 6 8 8
14 37 1 1 3 7 1
14 40 3 8 1 3 6
14 42 5 1 7 2 6
14 50 7 6 9 4 2
14 51 8 9 2 5 1
14 72 1 6 2 9 10
14 82 7 7 10 8 10
14 83 1 1 2 5 2
14 91 10 1 3 6 9
14 95 3 8 10 5 6
14 98 7 1 1 1 6
15 21 6 6 9 10 3
15 57 6 5 2 7 4
15 90 10 2 10 6 4
15 92 7 5 5 2 5
16 6 3 9 4 1 5
16 10 2 10 9 8 7
16 31 4 6 7 2 6
16 47 4 8 6 10 6
16 54 6 2 8 10 6
16 63 3 1 6 8 8
16 76 5 1 8 9 1
16 81 2 3 10 8 10
16 94 8 1 9 1 3
17 2 10 8 9 7 1
17 8 9 5 2 7 9
17 16 3 3 8 10 4
17 19 8 5 2 9 3
17 28 3 8 2 7 8
17 29 10 3 9 1 10
17 40 10 10 1 9 9
17 43 3 10 3 10 10
17 49 6 8 6 8 9
17 57 8 10 5 3 8
17 65 6 1 10 8 4
17 71 1 6 10 8 2
17 72 5 7 2 3 3
17 73 6 4 5 4 10
17 94 9 9 9 4 1
17 97 2 10 6 9 9
18 1 4 9 8 8 2
18 3 4 9 4 4 3
18 16 5 4 7 5 10
18 28 6 6 6 3 7
18 37 3 8 10 4 1
18 42 1 1 10 5 7
18 55 6 6 1 7 1
18 59 6 2 8 8 10
18 69 4 1 8 10 9
18 89 5 1 7 3 7
19 1 8 9 1 1 5
19 18 2 3 7 4 7
19 31 8 8 4 7 4
19 63 9 3 5 2 9
19 67 7 5 4 7 2
19 85 7 2 4 5 8
19 94 5 6 9 8 2
19 97 4 2 1 7 9
20 3 1 3 6 7 7
20 5 10 8 6 6 1
20 7 8 7 1 1 6
20 16 4 10 5 8 9
20 23 6 2 10 6 8
20 34 1 6 10 10 1
20 43 7 4 4 3 7
20 54 6 1 5 6 7
20 65 8 3 10 9 6
20 79 9 2 8 1 2
20 91 6 8 8 10 6
20 94 4 7 4 9 5
21 0 5 2 6 10 2
21 40 4 4 4 5 6
21 49 5 3 10 9 7
21 61 6 6 8 2 4
21 70 4 10 8 4 3
21 71 2 4 6 4 1
21 89 7 9 9 3 2
21 91 6 8 9 2 9
21 98 7 3 4 7 8
22 2 2 6 6 4 5
22 5 2 9 5 4 5
22 14 3 10 7 1 2
22 16 8 2 2 6 7
22 32 10 7 7 8 2
22 48 7 2 4 7 2
22 54 10 6 4 3 2
22 69 3 5 6 4 6
22 93 4 2 2 2 9
23 24 8 6 5 4 9
23 42 6 10 4 1 2
23 46 5 2 9 5 9
23 63 5 3 3 4 2
23 65 1 4 6 10 4
23 66 6 4 9 3 10
23 74 3 10 1 3 5
23 82 8 4 5 5 3
23 90 3 2 2 10 6
23 93 8 3 2 9 2
24 22 7 5 9 3 4
24 28 6 1 9 4 6
24 41 10 4 8 6 1
24 45 8 4 2 3 1
24 79 8 8 1 8 7
24 84 6 9 1 7 8
25 6 7 6 4 3 8
25 21 8 7 10 2 9
25 45 5 3 5 2 4
25 60 3 6 5 7 8
25 67 6 6 7 7 5
25 72 2 2 10 8 3
25 82 1 6 1 5 5
25 85 8 10 1 5 1
25 93 8 7 6 1 2
26 4 10 8 3 3 7
26 15 5 8 5 8 6
26 48 1 9 4 8 2
26 55 1 1 1 2 8
26 70 5 9 10 6 7
26 81 4 10 2 6 10
26 92 5 6 6 8 10
26 94 4 2 2 1 6
27 5 4 3 7 10 2
27 11 5 10 1 8 9
27 26 9 4 9 1 7
27 36 3 2 3 8 4
27 40 5 9 7 4 2
27 68 2 3 2 10 5
27 71 9 8 3 3 5
27 75 2 10 10 1 6
27 80 2 10 1 6 5
27 84 1 1 5 7 3
27 95 10 1 3 6 8
28 15 4 9 6 5 2
28 25 6 9 7 10 9
28 49 6 6 6 1 4
28 52 8 4 7 3 4
28 54 2 10 3 10 3
28 65 8 3 9 3 3
28 82 6 6 4 7 8
28 83 5 5 3 7 4
28 88 2 6 4 4 5
28 93 8 1 2 8 2
28 95 6 2 9 9 8
28 97 3 7 2 4 9
29 2 1 4 5 3 5
29 7 6 2 3 5 9
29 10 10 9 5 1 4
29 15 10 4 9 1 9
29 35 10 4 3 2 8
29 53 8 6 6 10 4
29 90 3 6 7 8 10
30 49 3 7 8 5 6
30 52 5 1 3 6 2
30 67 3 4 4 6 2
30 87 2 5 10 9 1
30 98 5 1 3 6 2
31 11 6 3 9 10 5
31 16 6 6 5 1 7
31 28 10 5 8 7 6
31 45 7 6 9 6 4
31 56 3 7 1 9 8
31 64 3 1 4 4 10
31 72 8 4 2 7 7
31 73 9 9 5 7 1
31 81 5 5 4 2 2
31 86 2 1 10 10 10
31 98 5 8 5 2 9
32 0 1 5 8 4 4
32 2 6 7 3 8 1
32 15 7 6 10 3 4
32 26 4 3 8 9 4
32 36 2 5 8 5 1
32 48 6 7 5 1 8
32 58 2 5 7 5 3
32 60 1 9 9 1 5
32 63 5 1 8 6 2
32 67 2 4 9 7 1
32 88 1 5 4 9 4
32 97 3 10 1 1 1
33 7 3 5 7 5 1
33 12 10 8 4 6 6
33 24 2 10 5 3 2
33 38 3 8 7 5 8
33 88 8 10 6 1 2
33 96 4 8 5 8 5
33 97 2 6 1 5 4
34 6 1 5 5 8 2
34 11 2 5 1 2 6
34 23 9 1 7 6 10
34 27 9 3 7 6 9
34 29 2 1 3 5 8
34 31 9 10 9 6 3
34 42 2 10 4 10 1
34 50 10 1 1 9 9
34 56 8 1 6 1 3
34 77 5 4 1 4 2
34 81 3 1 10 3 3
34 91 6 1 3 1 10
34 97 6 2 3 10 4
35 1 10 5 10 2 3
35 22 1 9 4 4 1
35 32 1 4 10 1 5
35 36 5 10 1 4 3
35 62 10 4 7 4 1
35 65 9 10 9 7 6
35 78 3 2 4 10 10
35 79 4 2 8 10 3
36 17 2 10 2 9 10
36 26 9 5 8 1 8
36 70 7 6 6 2 10
37 58 6 4 2 5 1
37 60 7 7 7 2 6
37 66 9 2 5 7 8
37 69 5 7 8 4 4
37 73 10 6 10 7 3
37 87 6 6 9 3 5
38 9 8 10 1 1 5
38 14 7 5 10 10 8
38 19 7 8 6 10 9
38 28 3 7 5 4 1
38 37 5 5 4 4 1
38 44 6 6 8 2 2
38 50 8 3 5 9 9
38 56 7 5 9 8 3
38 64 10 8 3 8 5
38 70 6 3 10 6 2
38 85 1 4 3 8 9
38 87 9 9 5 3 8
39 2 1 6 6 5 3
39 16 6 4 7 7 8
39 19 6 8 10 6 3
39 22 2 5 4 10 7
39 24 2 5 5 1 1
39 25 5 1 7 2 3
39 33 3 5 1 6 5
39 46 9 3 5 7 4
39 67 10 4 2 8 2
39 91 7 8 10 6 10
39 93 8 5 1 5 4
40 2 1 7 3 5 4
40 11 5 4 4 9 3
40 16 7 4 7 1 2
40 24 8 3 3 3 9
40 26 6 10 9 3 1
40 28 10 7 5 6 2
40 30 10 10 10 4 2
40 60 6 10 4 8 9
40 74 6 10 3 9 7
40 75 3 4 9 9 4
40 92 5 9 6 10 8
41 7 7 4 2 4 3
41 8 1 4 1 8 6
41 11 6 6 3 7 7
41 58 1 3 4 5 5
41 61 4 1 6 7 5
41 74 8 10 7 3 6
42 0 8 7 9 7 3
42 4 6 2 10 2 2
42 13 3 5 3 7 7
42 17 6 2 8 3 4
42 18 7 9 9 7 1
42 27 2 1 7 8 3
42 43 9 6 2 4 7
42 50 8 7 4 7 3
42 61 10 4 4 9 6
42 62 7 5 5 7 6
42 73 5 6 4 4 10
42 75 6 4 3 9 7
42 77 6 5 2 9 2
42 78 7 1 1 6 3
42 79 7 1 4 4 1
42 85 9 9 10 5 7
42 87 5 1 8 4 2
42 92 8 2 10 1 7
43 9 6 4 6 6 9
43 12 8 3 6 9 10
43 32 6 8 3 6 10
43 45 6 8 6 1 5
43 60 9 3 8 5 8
43 72 10 7 1 6 8
43 76 1 9 10 1 2
43 95 8 3 6 5 10
43 96 6 5 5 6 7
44 16 2 9 10 1 4
44 65 7 1 3 3 9
44 78 8 9 3 2 9
44 91 9 9 2 3 2
45 8 3 2 9 5 5
45 57 8 4 2 8 1
45 90 3 8 4 8 5
46 20 6 6 2 5 7
46 22 6 6 2 8 9
46 34 9 7 7 10 10
46 44 9 9 2 10 10
46 47 5 10 1 6 4
46 67 6 2 6 6 3
46 72 7 8 10 7 7
46 82 1 1 5 7 10
46 85 9 1 4 3 1
47 14 8 2 1 7 5
47 23 8 9 4 6 10
47 73 6 1 1 5 4
47 88 3 6 1 3 8
47 92 1 1 5 8 7
48 3 5 8 10 4 10
48 7 1 1 2 10 5
48 16 4 1 5 6 9
48 26 5 5 7 2 6
48 27 2 10 8 7 6
48 64 7 2 9 4 9
48 80 7 10 6 8 2
48 86 7 1 8 1 10
48 94 5 8 8 2 9
48 99 4 7 7 8 6
49 3 10 8 7 5 10
49 12 10 6 7 3 3
49 18 1 6 4 4 10
49 48 3 1 8 7 6
49 53 7 3 7 7 10
49 58 2 4 1 10 4
49 60 9 1 6 4 1
49 73 8 7 1 8 3
49 78 3 2 3 2 2
50 14 4 1 10 7 7
50 15 7 3 7 7 6
50 42 2 5 10 8 10
50 53 5 4 6 4 2
50 61 2 1 5 7 7
50 83 10 1 7 7 1
50 93 1 2 3 5 4
50 97 10 10 1 2 8
51 0 10 5 9 5 4
51 12 2 1 1 1 10
51 23 6 6 1 4 2
51 40 3 6 6 1 1
51 44 7 2 9 2 3
51 47 2 10 10 10 7
51 50 4 5 8 6 5
51 68 5 1 9 7 7
51 84 7 7 7 4 4
51 89 4 9 4 2 4
51 90 4 1 8 7 9
51 97 6 8 6 4 3
52 13 4 1 3 1 1
52 28 3 3 6 10 5
52 32 5 5 1 3 4
52 33 10 5 7 10 8
52 59 9 6 8 3 8
52 60 10 10 3 5 10
52 68 8 8 4 6 8
52 70 5 10 4 6 3
52 99 7 2 9 10 9
53 17 5 8 7 8 6
53 40 7 4 10 7 5
53 42 3 7 7 3 8
53 64 6 6 4 2 9
53 73 10 7 1 3 2
53 78 5 9 2 7 2
53 80 6 7 9 10 10
53 82 2 4 3 9 5
53 92 10 3 5 1 2
53 95 9 5 8 10 7
53 98 6 4 10 10 9
54 8 2 9 6 4 9
54 13 10 9 9 10 10
54 18 3 7 10 3 8
54 57 5 10 8 6 4
54 74 2 1 1 5 4
54 79 9 4 4 9 2
54 85 2 4 4 8 1
54 92 2 3 6 10 4
55 5 7 9 6 10 5
55 14 5 3 8 9 6
55 22 5 10 10 6 6
55 27 7 8 7 1 9
55 32 1 9 2 8 1
55 45 2 10 8 9 2
55 58 7 8 10 7 4
55 77 5 9 7 5 10
56 6 7 7 7 3 2
56 8 5 8 7 6 6
56 23 2 1 1 2 7
56 28 1 10 6 8 7
56 51 3 10 6 4 10
56 59 7 7 8 9 9
56 62 8 9 1 4 3
56 81 2 2 3 7 4
56 91 8 4 4 5 5
57 2 9 9 4 10 3
57 8 10 7 8 7 4
57 9 2 6 5 8 1
57 20 2 7 8 2 5
57 24 8 5 10 9 5
57 30 4 6 2 7 3
57 58 3 8 5 6 1
57 65 8 10 6 10 1
57 75 5 6 7 7 2
57 78 7 4 4 1 3
57 92 8 5 9 1 9
57 97 1 4 6 4 9
58 5 10 5 10 5 8
58 8 3 6 3 1 6
58 15 9 9 5 4 4
58 29 8 2 10 10 7
58 30 2 3 4 4 10
58 34 10 5 4 8 8
58 56 2 9 10 10 3
58 71 6 2 9 9 2
58 97 6 10 8 10 4
58 99 7 5 9 9 2
59 9 2 9 8 4 3
59 11 9 10 8 6 8
59 28 5 1 8 7 2
59 33 3 9 9 2 6
59 39 9 2 8 9 3
59 41 1 8 5 3 9
59 49 4 2 1 5 9
59 51 2 7 5 5 1
59 52 5 5 6 4 10
59 57 2 3 3 9 9
59 62 10 10 6 4 8
59 65 8 7 10 9 10
59 83 8 1 8 9 6
59 92 9 5 5 10 5
59 97 2 4 5 3 9
60 3 1 6 10 2 7
60 10 3 4 4 4 3
60 22 6 1 3 4 9
60 25 3 1 9 2 9
60 57 10 10 8 8 8
60 70 6 5 7 7 1
60 91 6 4 6 2 9
60 93 6 9 5 3 6
60 99 1 2 10 8 3
61 31 8 10 3 10 8
61 43 10 2 1 8 6
61 51 7 8 6 4 2
61 63 4 9 10 3 9
61 86 10 5 2 4 6
61 87 8 3 7 3 6
61 97 7 7 10 10 1
61 99 4 9 8 2 6
62 16 7 8 10 2 8
62 23 6 3 5 10 5
62 30 1 6 8 9 2
62 33 1 2 5 9 9
62 51 6 8 10 7 9
62 55 9 4 5 8 1
62 60 6 8 5 3 7
62 68 2 4 3 9 8
62 83 1 7 9 9 1
62 84 10 8 2 1 4
62 85 5 9 4 6 4
62 95 5 10 9 3 2
63 23 8 8 4 6 3
63 25 8 1 10 10 4
63 28 9 5 4 6 9
63 32 10 2 2 4 7
63 39 8 2 6 1 1
63 41 4 5 7 8 4
63 51 1 10 6 5 4
63 79 5 3 9 3 6
63 83 3 3 6 10 1
63 99 9 7 5 10 10
64 4 1 9 8 1 4
64 5 5 1 2 6 4
64 21 3 5 7 4 6
64 36 3 4 1 5 7
64 41 7 6 10 6 3
64 46 5 9 5 8 7
64 47 2 8 4 7 5
64 52 10 5 1 2 8
64 53 3 5 10 8 6
64 63 7 9 2 4 3
64 81 9 7 6 10 9
64 98 5 4 3 1 6
65 3 10 4 1 7 6
65 5 5 4 7 4 5
65 13 10 2 8 5 5
65 16 9 4 8 6 9
65 19 1 10 10 9 6
65 28 8 2 5 10 7
65 30 6 8 7 9 1
65 50 9 9 3 6 10
65 78 5 4 2 2 1
65 82 2 8 6 7 7
66 0 5 1 10 6 10
66 7 2 4 9 10 3
66 9 6 3 2 1 2
66 31 6 4 10 1 8
66 33 3 6 8 9 5
66 75 3 8 4 10 6
66 82 5 4 6 8 9
66 83 1 3 9 8 10
66 88 9 2 4 2 6
66 90 9 1 5 1 4
66 93 6 8 7 2 9
67 6 5 10 2 7 10
67 7 9 8 4 2 10
67 17 3 2 1 1 2
67 49 7 3 10 8 5
67 60 5 3 7 3 10
67 77 3 2 6 2 5
67 92 5 5 10 7 6
68 6 6 4 2 6 9
68 7 8 9 4 9 10
68 18 9 9 6 5 8
68 19 5 8 7 4 6
68 24 8 5 7 10 2
68 46 4 9 10 2 9
68 54 6 4 4 7 7
68 62 5 6 9 5 9
68 67 2 6 9 8 6
68 73 4 8 5 2 5
68 78 5 2 5 9 8
68 92 6 2 6 9 2
68 93 6 5 6 8 3
69 7 6 3 3 2 6
69 8 7 1 5 3 4
69 13 2 5 2 6 5
69 14 5 9 5 1 2
69 15 2 4 1 10 8
69 68 7 10 5 7 10
69 76 10 6 2 9 3
69 85 2 9 10 5 4
69 92 5 7 3 4 9
69 94 4 8 7 9 7
70 4 1 5 10 7 9
70 5 7 8 10 3 6
70 6 8 9 10 3 1
70 17 8 2 5 2 9
70 28 3 6 6 4 3
70 47 2 4 1 9 1
70 57 7 2 3 7 10
70 63 1 1 8 3 5
70 71 4 8 7 10 4
70 75 7 1 7 2 1
70 80 3 3 7 6 6
70 83 8 4 6 7 5
70 90 9 8 10 7 2
70 92 3 9 5 10 2
71 24 3 3 10 2 4
71 27 3 5 8 10 10
71 47 1 2 4 5 6
71 58 4 1 5 9 10
71 78 7 5 10 4 6
71 88 5 9 2 6 1
72 8 2 9 8 5 9
72 12 3 6 9 1 9
72 47 5 2 3 2 4
72 52 4 4 4 9 5
72 58 3 10 6 2 3
72 69 4 7 2 5 6
72 74 9 2 7 1 4
72 83 9 4 5 6 3
72 99 6 7 7 8 3
73 29 6 9 10 1 6
73 30 3 7 1 7 1
73 32 5 3 7 1 2
73 35 3 4 4 7 9
73 48 8 6 5 1 4
73 51 10 9 6 10 1
73 56 7 5 7 4 4
73 57 2 10 6 9 2
73 59 4 10 3 2 3
73 65 10 4 7 8 4
73 96 2 8 2 5 6
74 35 3 9 6 3 3
74 37 5 2 5 5 5
74 66 2 4 7 5 10
74 88 5 3 10 3 9
74 91 1 2 9 10 1
74 94 3 7 4 1 2
74 96 5 4 8 3 7
75 39 3 5 3 3 8
75 43 2 8 2 3 7
75 44 6 5 4 5 4
75 45 1 9 8 2 8
75 84 10 9 7 5 7
75 92 1 3 4 8 5
75 98 7 4 2 8 5
76 16 7 8 3 4 10
76 41 6 5 2 8 9
76 45 9 7 9 9 5
76 48 8 8 4 8 8
76 59 9 4 8 2 3
76 64 8 10 9 4 7
76 69 2 7 7 4 4
77 8 2 6 8 6 1
77 15 7 5 5 1 8
77 51 6 4 2 4 3
77 57 5 6 6 4 5
77 61 10 5 3 7 8
77 69 5 9 3 10 6
77 76 10 5 3 8 8
77 82 5 9 1 9 1
77 89 3 2 6 2 5
77 94 3 1 10 10 6
78 9 7 1 10 9 4
78 40 9 9 6 7 4
78 42 6 7 7 1 4
78 64 5 6 8 5 8
78 70 2 10 1 4 8
78 85 4 10 6 7 1
78 89 1 2 2 2 8
79 0 5 10 10 2 2
79 4 9 1 8 10 9
79 11 6 7 2 6 3
79 13 6 9 3 4 2
79 20 2 9 7 2 10
79 27 9 5 4 5 1
79 40 8 5 3 10 2
79 48 7 6 10 7 1
79 56 7 6 2 2 9
79 63 5 8 8 5 1
79 64 5 2 8 9 7
79 66 9 9 3 6 6
79 68 8 2 2 8 7
79 73 8 7 10 5 6
79 83 4 5 5 10 1
79 85 10 6 6 8 3
79 95 1 5 8 9 5
80 2 10 10 9 2 7
80 10 9 6 2 6 4
80 24 9 5 9 8 10
80 33 3 2 8 6 1
80 39 5 8 5 1 2
80 51 5 5 7 1 6
80 56 9 1 9 7 2
80 58 9 6 7 7 4
80 64 3 9 4 2 7
80 81 8 4 4 4 4
81 54 7 6 1 6 5
81 74 5 3 9 6 4
81 95 2 3 7 4 2
82 27 5 8 4 9 10
82 52 3 5 5 3 2
82 56 3 2 5 6 1
82 61 9 10 8 1 2
82 71 9 3 7 2 8
82 75 3 4 7 6 7
82 87 5 3 9 2 6
82 89 4 1 9 1 8
82 93 2 1 3 1 7
83 6 2 5 1 1 3
83 16 7 2 8 9 5
83 17 3 1 1 5 2
83 18 10 5 5 4 7
83 45 2 6 4 10 8
83 56 2 9 10 1 6
83 76 7 1 7 10 10
83 80 9 1 6 3 10
83 88 6 9 4 4 2
84 7 5 9 3 1 5
84 12 6 8 8 9 5
84 22 4 2 6 4 7
84 25 5 2 9 10 10
84 30 3 3 8 2 9
84 33 5 5 1 7 5
84 36 3 4 7 2 7
84 56 6 10 6 6 2
84 86 2 4 10 3 7
84 94 7 8 9 4 10
85 6 5 6 2 4 3
85 7 6 4 4 1 5
85 10 6 3 2 4 2
85 16 7 7 8 4 4
85 55 3 3 3 5 4
85 74 2 1 8 4 5
85 80 6 4 9 8 9
86 2 7 7 2 9 4
86 4 8 2 3 8 10
86 9 3 8 1 10 6
86 23 2 4 10 10 4
86 56 7 3 1 9 2
86 71 5 7 1 5 10
86 93 5 3 1 4 1
86 97 3 8 1 1 1
87 43 8 8 2 1 6
87 48 4 1 9 8 2
87 49 10 5 3 3 8
87 61 10 2 7 5 9
87 72 10 6 5 4 7
87 77 9 10 5 1 6
87 94 5 10 7 9 4
87 96 5 7 6 9 1
87 97 7 3 2 5 6
88 5 10 9 4 2 9
88 13 6 10 9 3 5
88 59 8 7 1 7 2
88 78 1 8 6 4 6
88 83 2 10 9 4 5
88 86 1 3 1 2 10
88 92 9 8 5 3 3
88 95 2 2 7 1 10
89 42 5 4 5 3 9
89 55 5 4 6 9 7
89 80 7 6 2 1 2
89 97 7 10 1 8 3
89 99 2 6 1 3 9
90 7 4 1 5 4 1
90 9 2 3 5 3 9
90 10 1 10 5 10 2
90 24 4 9 7 8 10
90 25 6 10 1 3 8
90 30 1 1 2 4 3
90 34 1 5 6 7 5
90 43 6 5 3 4 3
90 49 7 2 7 2 4
90 54 6 8 8 4 1
90 58 10 6 10 9 3
90 61 1 10 5 10 2
90 92 1 7 10 1 3
91 0 1 3 5 4 8
91 2 9 6 9 4 5
91 13 9 7 7 8 3
91 28 2 5 6 3 3
91 35 4 4 2 9 10
91 48 5 2 2 1 10
91 54 5 8 10 4 10
91 66 2 2 1 8 10
91 75 9 5 6 8 10
92 22 3 3 6 2 3
92 30 9 3 10 6 7
92 36 1 6 5 1 5
92 44 3 10 2 1 6
92 48 3 7 6 1 3
92 61 2 8 7 8 9
92 63 2 5 2 10 4
92 64 8 4 4 7 5
92 66 2 1 6 3 1
92 72 8 7 2 6 10
92 85 2 6 8 4 10
92 86 6 2 3 10 3
92 99 3 6 7 2 7
93 5 2 2 4 9 7
93 23 8 9 9 6 8
93 37 6 2 9 6 7
93 40 6 9 10 5 9
93 48 7 1 2 4 7
93 49 5 3 2 2 8
93 73 6 1 10 10 7
93 81 5 5 9 3 7
93 90 5 4 3 9 9
93 92 6 10 8 2 10
94 5 5 2 1 7 1
94 12 5 10 8 8 3
94 24 1 5 7 10 8
94 26 3 5 9 8 3
94 41 6 3 3 1 5
94 67 3 8 4 9 7
94 73 9 1 9 9 7
94 98 4 9 2 3 7
95 5 8 7 6 2 10
95 35 8 10 2 10 7
95 37 7 9 2 9 6
95 41 1 2 2 8 5
95 49 8 5 1 6 5
95 70 3 10 4 7 5
95 72 5 5 10 10 1
95 83 2 6 2 10 10
96 8 6 9 2 9 9
96 13 3 9 7 3 3
96 18 3 1 6 5 2
96 42 7 1 1 1 5
96 57 7 2 6 10 6
96 84 3 8 10 1 7
96 93 8 4 7 6 6
96 98 8 8 6 3 7
96 99 7 1 6 6 1
97 0 8 4 7 3 3
97 5 2 2 8 4 5
97 8 1 2 6 3 7
97 10 6 7 5 5 7
97 11 7 3 7 4 7
97 20 7 8 5 7 4
97 45 6 3 5 3 2
97 65 6 4 5 5 8
97 93 5 5 2 5 3
97 98 6 5 5 4 10
98 16 10 7 8 3 7
98 19 4 1 8 8 2
98 30 2 5 10 10 7
98 33 4 4 4 10 2
98 39 6 8 9 1 3
98 61 2 2 6 10 5
98 94 10 2 3 7 4
98 99 2 3 9 9 10
99 20 3 9 3 3 9
99 48 5 1 4 5 3
99 59 6 10 9 7 6
