1000 1
0 5 5108
0 732 7786
1 19 3026
1 228 157
1 978 3895
2 21 2817
2 71 57
2 153 6952
2 508 5636
2 684 7138
2 735 7974
2 759 9036
2 867 3766
3 250 5108
3 525 768
3 922 240
4 97 3670
4 146 7355
4 591 9515
5 42 8344
5 197 3600
5 289 3216
5 361 6611
5 398 8572
5 640 6360
6 123 7321
6 335 4184
6 715 4985
6 930 3474
6 960 892
6 997 9991
7 102 9626
7 439 198
7 801 4429
7 826 1438
8 207 7312
8 424 1332
8 530 5262
8 899 7669
9 308 4562
9 547 5445
10 0 2317
10 253 2847
10 400 1330
10 507 7079
11 245 5339
11 371 3224
11 558 5212
11 610 1085
12 3 3608
12 68 7201
12 121 1411
12 158 6961
12 280 338
12 310 7308
12 606 8229
12 613 9170
13 187 5831
13 235 8252
13 628 2385
13 662 2221
13 711 4576
13 759 527
13 834 7237
14 226 5072
14 276 3038
14 369 6685
14 533 4325
14 743 6275
14 810 4366
15 213 2271
15 488 1260
15 752 9874
15 807 2512
16 534 6479
17 385 4074
17 835 5604
17 868 4487
18 162 1148
18 548 7304
18 684 4609
19 128 1003
19 244 2434
19 261 9203
19 292 2493
19 547 5127
19 560 7047
20 277 8732
20 526 8789
20 529 7929
20 596 1201
20 618 7405
21 99 2449
21 109 1954
21 116 4855
21 332 1843
21 480 5808
21 536 3881
21 659 4548
21 736 5052
22 12 2243
22 307 1959
22 667 4776
22 926 1049
22 982 8821
23 127 8129
23 188 2266
23 199 6353
23 211 1854
23 319 5711
24 748 3223
25 97 2418
25 138 7433
25 210 5968
25 393 9697
25 415 8463
25 578 9885
26 181 1890
26 579 645
26 647 3849
26 756 9575
26 919 4791
27 167 8713
27 409 678
27 671 213
27 856 2799
27 952 5866
28 0 1184
28 12 322
28 132 5396
29 6 8978
29 22 9986
29 214 7900
29 365 8820
29 458 1074
29 879 5513
30 177 9271
30 189 8379
30 356 9491
30 394 2610
30 498 5506
30 575 8394
30 880 9021
31 135 2941
31 270 6027
31 830 4437
32 457 8390
32 567 7563
32 606 3549
32 690 6255
33 253 4922
33 607 6367
33 673 6526
33 853 9869
33 998 7451
34 49 5717
34 298 9365
34 591 4358
34 625 8816
34 748 1815
34 766 4843
35 33 3732
35 326 1859
35 647 7666
35 846 8126
35 930 4657
35 985 2081
36 286 9879
36 994 7397
37 263 9966
37 270 6462
37 949 5869
38 83 2240
38 116 8589
38 316 1011
38 351 66
38 411 1295
38 725 1625
38 769 4077
38 971 8955
39 46 5706
39 207 7240
39 440 1366
39 523 4124
39 889 96
39 915 3337
40 112 2370
40 347 4069
40 499 8299
40 708 9187
40 970 218
41 106 1206
41 286 3343
41 310 9892
41 446 9163
41 934 4245
42 93 7005
42 162 6833
42 282 9495
42 290 4412
42 292 5743
42 339 4448
42 508 3521
42 600 1539
42 911 2337
43 117 2832
43 341 3398
43 375 9318
43 581 7624
43 910 2299
44 373 2184
45 23 5582
45 114 7083
45 388 2353
46 272 2135
46 375 9405
46 893 2008
47 111 8117
47 340 6700
47 690 3862
47 780 7467
48 139 7251
48 363 5879
48 475 8926
48 680 7266
48 735 7031
48 799 724
48 950 7492
49 252 9012
49 462 7009
49 615 63
49 997 1522
50 14 9798
50 124 8909
50 221 4032
50 695 10000
50 927 4648
50 996 5499
51 115 4911
51 139 7054
51 157 1230
51 215 9276
51 434 2499
51 452 734
51 604 6077
52 349 157
52 463 7868
52 486 3117
52 577 7658
52 659 3047
52 706 409
53 78 8815
53 86 9098
53 574 1746
53 621 6151
53 718 6723
53 776 6941
53 796 275
53 880 7370
53 996 6279
54 439 1481
54 552 1145
54 718 4127
54 720 4051
54 803 2511
54 892 1203
54 912 5608
55 482 9367
55 534 1151
55 773 3503
55 875 2877
56 570 8996
56 573 759
56 815 648
56 907 4359
57 140 3222
57 601 4046
57 846 2346
57 847 8253
58 405 1679
58 560 9775
58 917 2920
58 973 6772
59 186 6377
59 411 9422
59 778 4065
59 816 6770
59 885 9060
60 508 2380
60 527 2274
60 689 3787
60 883 6247
61 76 8559
61 279 9364
61 320 263
62 409 3793
62 580 5141
62 716 1558
62 889 698
62 932 7776
63 200 1320
63 243 7394
63 350 6958
63 411 105
63 551 1441
63 666 1226
64 635 6088
64 728 995
65 1 3120
65 225 9255
65 278 4206
66 101 8304
66 309 1982
66 425 2404
66 438 8597
66 519 6489
66 811 6477
66 912 7671
66 947 122
66 952 9814
67 36 8963
67 40 8393
67 114 6980
67 748 2710
67 934 4991
68 18 5912
68 546 3773
68 939 5021
68 948 5676
68 976 3163
69 150 9232
69 166 8815
69 316 2032
69 437 2409
69 573 4989
69 892 2564
70 372 4711
70 547 2359
70 622 1350
70 770 7950
71 264 5595
72 2 3691
72 87 4009
72 107 9523
72 131 7280
72 270 4756
72 377 3217
72 550 4686
72 619 9436
72 670 4905
72 882 4860
73 407 4480
73 412 606
73 609 1104
73 776 8889
73 812 3929
73 913 9752
73 956 962
74 84 8285
74 146 1142
74 167 3988
74 371 649
74 863 6874
75 119 3465
75 554 7028
76 147 9109
76 315 5856
76 342 3975
76 790 8253
77 111 9068
77 156 1835
77 256 5465
77 374 8078
77 841 61
77 932 8938
77 964 4658
78 3 2577
78 175 2926
79 130 8525
79 139 8557
79 200 279
79 587 6844
79 597 7645
79 725 7684
79 972 3072
80 43 6403
80 176 6372
80 265 6063
80 305 2100
80 364 199
80 421 2875
80 508 8684
80 548 8537
80 667 8285
80 787 3888
80 807 1756
81 87 1572
81 233 8135
81 313 3686
81 530 8622
81 698 8569
81 754 7939
82 49 8829
82 786 2010
82 926 6921
83 219 9467
83 256 2048
83 381 9779
83 565 3098
83 910 7471
84 11 8837
84 674 6935
84 779 7854
84 840 619
85 109 2840
85 463 1094
85 478 3718
85 507 8939
85 589 6578
85 801 2962
85 923 8585
85 927 2955
85 992 9651
86 258 9967
86 436 1575
86 547 7633
86 623 6185
86 689 3841
86 905 5619
87 52 718
87 274 668
87 430 231
87 470 4114
87 552 5118
87 661 7742
87 675 1521
89 332 4828
89 415 6267
89 963 7918
89 998 6036
90 7 2767
90 99 3476
90 421 3263
90 536 2209
90 690 5437
90 901 8953
91 14 4164
91 105 1280
91 843 3266
92 123 1792
92 321 6650
92 522 2776
92 700 5023
92 721 7299
92 852 7629
93 521 5318
94 75 3923
94 131 7813
94 144 6918
94 538 8284
94 787 1200
94 861 513
95 182 8474
95 533 103
95 670 8804
95 699 9438
95 740 6988
95 824 8582
95 924 5765
95 969 7694
96 124 1099
96 284 5788
96 297 9730
96 411 6303
96 491 6505
96 644 3958
96 767 986
97 69 2576
97 143 4393
97 372 9666
97 658 6431
98 83 3000
98 444 535
98 506 132
98 824 7451
99 333 238
99 778 6765
99 958 7786
100 86 5508
101 484 4898
101 771 3347
101 974 8439
102 455 7939
102 605 6283
103 41 249
103 73 7420
103 106 5478
103 141 5174
103 372 3455
103 630 8119
103 856 8695
103 897 9243
104 81 2318
104 117 5634
104 224 456
104 230 9341
104 880 9177
104 942 5136
105 153 8122
105 270 7356
105 609 9285
105 664 9924
105 917 4841
106 613 5256
106 870 1595
106 981 7555
107 14 7679
107 92 3899
107 211 9146
107 365 6948
107 398 3741
107 731 8144
107 733 1981
107 810 1433
108 283 4318
108 356 4945
108 384 4201
108 633 5728
109 404 8889
109 648 2603
109 840 8272
109 871 587
110 212 2656
110 559 5854
110 879 5464
110 948 9897
111 104 3519
111 116 4210
111 119 1083
111 151 3269
111 256 5697
111 288 5311
111 323 5662
111 536 7813
111 715 7964
112 565 9643
112 668 3152
113 54 5434
113 833 5293
114 218 4563
114 355 4846
114 703 7520
114 705 77
114 787 7511
114 860 9316
115 110 3629
115 126 6328
115 180 572
115 200 9428
115 662 6582
115 720 3479
115 765 2597
115 841 1931
116 63 5010
116 371 4449
116 740 1510
116 935 7216
117 65 306
117 708 6077
117 898 9432
117 992 6199
118 410 4617
118 547 6804
119 61 4531
119 72 951
119 159 1182
119 426 8146
119 584 420
119 660 7232
119 683 2151
119 876 9632
119 891 2999
120 86 3853
120 282 5306
121 408 7168
121 537 9758
121 626 7422
121 735 6270
121 927 3615
122 297 9167
122 529 6352
122 784 7467
122 842 510
122 903 3159
122 939 5764
123 23 9109
123 46 2025
123 58 9564
123 321 152
123 815 3704
123 821 7516
124 130 4535
124 221 950
124 769 7491
125 528 1909
125 581 1974
126 117 3686
126 277 4713
126 321 6144
126 575 9100
126 730 8679
126 777 1205
126 901 3380
127 165 3925
127 266 8230
128 7 9103
128 20 2047
128 125 2078
128 549 5698
128 754 386
128 885 6254
129 514 1454
130 218 3040
130 230 7097
130 480 2278
130 620 8835
131 356 4068
131 655 2850
131 681 3705
131 854 5163
131 896 885
131 930 9685
132 223 1310
132 400 9475
132 878 2616
133 69 2722
133 225 5367
133 293 1787
133 688 9872
133 938 4962
134 609 4785
134 644 6206
134 714 6263
134 801 1027
135 291 5877
135 417 4006
135 453 540
135 527 1458
135 717 6366
135 767 3823
136 291 7818
136 330 2603
136 391 4712
136 490 4560
136 494 8873
136 896 4482
137 143 7640
137 728 4261
137 808 8583
138 126 3511
138 421 7322
138 627 8787
138 773 2948
138 927 5537
139 63 3807
139 506 7137
139 749 1020
140 134 1185
140 214 1928
140 231 4762
140 344 9015
140 541 3929
140 821 4083
140 853 8732
140 976 6064
141 78 6498
141 327 2152
142 47 1950
142 91 302
142 174 1856
142 353 3055
142 485 984
142 604 1141
142 926 4546
143 103 7712
143 117 1898
143 247 1159
143 770 988
143 911 475
144 179 3849
144 449 3783
144 544 3818
144 663 7776
144 814 5852
145 164 8831
145 165 9300
145 323 8611
145 356 227
145 398 9193
145 630 5919
145 709 2710
145 859 9818
145 951 2213
145 978 3905
146 43 4206
146 128 683
146 676 9975
146 691 4540
147 88 9506
147 350 1094
147 403 2471
147 577 3697
147 692 6642
148 138 4231
148 864 1243
149 216 7510
149 661 2043
149 728 8633
149 771 8969
149 867 3508
149 995 1695
150 11 3036
150 148 6509
150 237 7931
150 594 7154
150 637 3784
151 170 2383
151 523 6776
151 618 5516
151 668 5971
152 247 4685
152 275 1673
152 563 6036
152 587 5996
153 274 4789
153 333 3699
153 433 6456
153 560 1645
153 602 7606
153 952 8571
153 992 9363
154 195 6760
154 736 2056
154 806 2476
154 919 8859
154 953 2043
155 190 402
155 504 5330
155 517 8850
155 882 484
155 983 6789
156 458 5121
156 474 2404
156 778 5050
157 160 5445
157 203 7746
157 265 1029
157 539 8649
157 584 6921
158 181 258
158 205 3191
158 608 950
159 306 2222
159 375 248
159 407 7878
159 449 5236
159 524 1163
159 727 5741
160 162 7415
160 197 675
160 800 5348
161 77 2345
161 375 3137
161 753 7608
161 887 5176
162 396 616
162 418 1939
162 669 9987
162 712 3099
162 813 4055
162 860 3200
163 160 5345
163 194 2377
163 276 6767
163 380 6893
163 498 4217
163 499 4632
163 646 8667
163 704 9802
164 642 2920
165 89 7341
165 120 8764
165 189 1277
165 214 5837
165 557 7657
165 581 1928
165 806 954
165 852 8749
166 143 7862
166 384 7117
166 456 5660
166 480 1111
167 241 7297
167 538 9322
167 694 1923
167 778 4701
168 64 643
168 585 6172
168 588 214
169 847 3925
169 962 9403
170 85 5934
170 349 4600
170 520 6041
170 727 9158
171 52 38
171 175 4924
171 255 2145
171 433 213
172 314 6608
172 369 3691
172 598 9942
173 148 5831
173 460 7530
173 865 7472
173 897 5994
174 159 1357
174 287 7387
174 329 1489
174 820 9022
175 129 454
175 261 4994
175 280 6390
175 404 6335
175 744 8042
175 868 2469
176 265 2155
176 335 3657
176 615 839
176 901 7608
177 220 3924
177 369 8080
177 379 2447
177 774 4842
177 847 4819
177 910 3206
177 921 9459
177 989 7984
178 4 7325
178 31 3632
178 351 1499
178 533 700
179 51 198
179 222 5948
179 303 1172
179 323 5101
179 408 6343
179 486 1462
179 901 6169
180 52 662
180 171 2652
180 488 4805
180 848 87
181 143 5264
181 983 6805
182 545 8290
182 569 4136
182 754 2295
182 764 3263
182 989 1140
183 480 3137
183 841 5136
184 98 22
184 170 2701
184 250 2522
184 635 2527
185 455 2459
185 832 8352
185 977 7226
186 113 1790
186 388 9759
186 514 5789
186 622 6032
187 857 1105
188 224 3975
188 479 2763
188 488 3512
188 698 1995
188 709 9379
189 66 2459
189 87 4648
189 159 1699
189 547 106
189 906 7731
189 954 2512
190 123 3293
190 352 8172
190 950 6919
191 28 7428
191 42 9405
191 63 684
191 439 8549
191 598 7907
191 819 4575
191 828 1462
191 953 2958
192 22 7424
192 231 1499
192 782 9074
192 933 6124
192 998 4512
193 679 2813
194 95 6871
194 162 2599
194 282 2125
194 306 404
194 308 7498
194 350 6279
194 716 7893
194 774 5037
194 829 7700
194 901 9459
194 927 4433
194 950 2443
195 242 6991
195 511 4342
195 586 168
195 733 6858
195 844 9677
195 852 2919
196 132 1833
196 194 5050
196 213 6642
196 216 3617
196 395 2553
196 445 5048
196 477 7294
196 605 1898
196 637 187
196 944 5507
197 355 8284
197 368 8180
197 428 736
197 451 4339
197 518 3272
197 675 8043
197 725 4189
197 834 6708
198 225 9030
198 333 9043
198 546 3267
198 720 7991
198 753 8090
198 842 6809
198 969 9352
199 294 4183
199 520 7848
199 590 2606
199 617 8663
199 919 1926
199 925 8525
200 119 4059
200 128 2300
200 951 5217
201 8 2779
201 217 6844
201 671 4591
201 674 4822
201 694 7661
202 256 4118
202 772 3003
202 819 3693
202 836 9317
202 886 6799
203 55 3010
203 230 2999
203 459 2948
203 523 4441
203 707 627
203 852 1795
203 941 4031
204 355 2710
204 479 3781
204 600 234
204 999 3944
205 135 8085
205 235 7092
205 414 7723
205 552 5637
205 648 5619
206 99 2527
206 174 2691
206 228 6429
206 457 1802
206 463 5611
206 542 9286
206 558 7477
206 699 5824
206 875 2532
207 243 4940
207 383 3411
207 592 1738
207 707 3154
207 731 1865
207 820 2149
207 821 2212
208 108 2812
208 320 8301
208 328 7621
208 370 1712
208 708 8967
208 788 1326
209 318 860
209 409 5100
209 485 5310
209 508 7253
209 552 8914
210 613 3193
210 661 9075
210 674 4875
210 888 7893
211 229 1906
211 380 7108
211 513 486
211 681 6006
211 709 8891
211 930 7206
212 259 2149
212 777 2970
212 817 8178
212 918 2612
213 116 2955
213 186 6711
213 809 7445
213 948 5901
214 21 2749
214 74 474
214 272 590
214 324 343
214 401 559
214 546 3427
214 567 5115
214 730 4405
214 840 4561
215 234 1031
215 338 5570
215 355 2444
215 416 1802
215 427 2817
215 658 1807
216 192 2131
216 197 4603
216 572 5901
216 647 689
216 694 8223
216 893 660
216 996 2319
217 24 6004
217 90 9711
217 94 5404
217 595 8806
217 675 3772
217 997 8715
218 446 3145
218 717 5047
218 828 2576
218 913 3230
218 976 9688
219 164 3854
219 411 8144
219 500 3705
219 739 8419
219 825 6629
219 942 2898
220 90 3753
220 104 9336
220 340 4324
220 350 9399
220 919 9498
221 192 4567
221 578 5675
221 804 5984
221 975 7134
222 1 6881
222 7 5335
222 112 8783
222 190 9749
222 384 4474
222 564 5749
222 653 4744
222 694 8429
222 735 9165
222 743 9313
222 802 5569
224 91 4048
224 207 1821
224 516 1271
224 698 5218
224 710 9697
224 799 4459
225 512 2189
225 621 1789
225 895 4874
226 983 6024
227 214 1822
227 543 474
227 562 2459
227 922 3225
227 934 7329
228 96 5533
228 294 7013
228 685 9043
229 3 8380
229 18 5637
229 424 6176
229 496 2266
229 803 7017
229 932 3198
229 944 5206
229 978 3168
230 131 4102
230 268 9540
230 911 6111
231 151 5740
231 455 7712
231 540 3315
232 152 647
232 652 9676
232 991 3710
233 26 3892
233 624 9443
234 456 7778
234 521 1461
234 617 6642
234 647 6886
234 721 2120
235 77 3745
235 331 820
235 659 4421
235 783 964
235 822 1104
236 537 8408
236 614 9735
236 617 7347
236 634 1527
236 749 2200
236 887 8602
236 890 2286
237 277 6636
237 473 6669
237 529 9463
237 792 3912
237 796 6515
237 974 7756
238 215 9200
238 231 1045
238 258 2914
238 638 6780
238 663 4861
238 694 5011
238 820 3423
238 912 3208
239 132 8104
239 257 5072
239 290 9962
239 364 3671
239 465 1972
239 661 2254
240 6 9255
240 12 8925
240 196 6480
240 324 3371
240 644 3826
241 2 9838
241 50 5362
241 228 4353
241 270 3137
241 361 9758
241 397 6002
241 591 3389
241 728 6816
241 962 727
242 95 8991
242 238 6015
242 317 3051
242 345 9321
242 474 370
242 759 9253
242 899 4509
243 130 1665
243 532 6302
243 556 1757
243 558 3433
244 202 4790
244 385 3060
245 18 1357
245 83 8864
245 215 9159
245 490 8736
245 694 3151
246 29 1084
246 211 6680
246 272 4242
246 362 3535
246 467 8547
246 708 1048
246 741 5839
246 820 643
247 493 5860
247 826 4307
247 846 8507
247 860 8243
247 912 1103
248 62 8522
248 394 8353
248 569 7839
248 711 5804
249 4 3288
249 241 6034
249 335 4329
249 422 7536
249 626 9011
249 642 841
250 5 1335
250 11 7275
250 339 5114
250 540 8653
250 566 8168
251 106 2233
251 187 9251
251 229 5921
251 299 3401
251 992 2554
252 0 7167
252 85 4461
252 198 8008
252 678 3845
252 829 1019
252 836 6017
253 32 6014
253 412 5739
253 525 8519
253 600 4469
253 692 4066
254 175 1688
254 241 1494
254 369 4408
255 163 5709
255 294 4559
255 502 8858
255 692 8180
256 21 6434
256 109 2546
256 193 9851
256 255 606
257 80 820
257 284 2705
257 400 1880
257 989 654
258 437 2874
258 661 6860
258 721 1277
259 221 1838
259 426 7136
259 718 8638
260 138 8008
260 294 1692
260 376 2512
260 392 6146
260 421 5188
260 467 1028
261 385 2653
261 431 6392
262 285 978
262 658 7354
262 954 5583
263 246 968
263 397 3305
263 501 4449
263 525 7744
263 620 6925
264 48 8678
264 180 9090
264 257 4460
264 291 3457
264 334 6032
264 950 4572
265 52 4932
265 256 4039
265 420 5574
265 514 2932
265 553 6793
265 713 1416
266 390 4059
266 430 7497
266 749 6700
266 787 4663
267 251 1544
267 268 3059
267 707 5844
268 190 2789
268 465 7558
269 128 2556
269 373 9641
269 402 9123
269 423 4780
269 470 4364
269 494 4173
269 525 9903
269 991 8061
270 536 754
270 539 6790
270 911 3534
271 118 9068
271 186 8609
271 398 2053
271 462 8608
271 647 5701
271 807 8410
271 966 4190
272 209 1999
272 295 9237
272 398 3142
272 719 3829
272 800 1753
272 853 6603
273 35 6587
273 137 1043
273 201 3954
273 255 4896
273 498 7634
273 677 5026
274 162 2005
274 175 3001
274 237 587
274 427 3487
274 517 543
274 921 4677
275 47 5516
275 717 4235
275 775 7516
276 12 5638
276 140 6016
276 261 3444
276 599 2295
276 643 6922
276 950 5639
276 982 1526
277 104 5075
277 184 5453
277 303 2705
277 954 1454
277 990 8516
278 55 813
278 56 4415
278 486 9553
278 627 6754
279 21 3857
279 114 9516
279 211 5503
279 274 6740
279 495 9936
279 688 9847
279 709 3759
279 893 4089
280 38 4779
280 501 4347
280 535 3473
280 808 2308
280 818 2740
281 35 4505
281 411 4460
281 939 6528
282 43 6918
282 108 3858
282 265 9970
282 548 2899
282 774 8864
282 893 6652
283 365 8354
283 634 132
283 735 8537
284 48 842
284 86 2485
284 353 1168
284 534 4602
284 973 1436
285 183 655
285 420 5992
285 851 5479
285 933 9052
286 134 4527
286 575 4707
286 862 5015
287 166 7468
287 316 2730
287 666 9920
287 679 9863
288 631 8110
289 59 9101
289 880 867
290 432 9684
290 579 3958
290 624 6097
290 723 7274
290 822 5280
291 736 7514
292 392 8715
292 464 4081
292 796 4701
292 805 2755
292 910 8963
293 62 5502
293 432 7792
293 938 5025
293 968 1935
294 8 6604
294 360 863
294 379 3128
295 174 3018
295 815 6723
295 843 1005
295 855 5601
296 599 3129
296 839 2903
297 136 522
297 202 7700
297 762 4562
297 887 5655
298 280 5850
298 410 6662
298 739 7013
298 952 7714
299 32 9531
299 583 8012
299 762 8501
300 173 1296
300 434 2872
300 465 125
300 475 5715
300 635 3672
300 958 8653
301 52 4955
301 95 1206
301 189 8774
301 217 4682
301 694 3630
301 860 9091
301 961 1473
302 136 7959
302 632 5092
303 144 8576
303 204 8241
303 259 8039
303 354 8902
303 426 2307
303 595 5936
303 738 9551
303 914 5890
304 761 4346
304 935 5172
305 131 8313
305 178 6711
305 360 8486
305 589 9398
305 599 7509
305 606 6436
305 976 7782
305 997 260
306 39 6818
306 273 8163
306 423 664
306 723 2035
306 773 5964
306 792 838
306 982 89
307 444 4997
307 556 7026
307 575 1660
307 838 3321
307 840 3853
307 914 194
308 120 816
308 172 2023
308 371 7639
308 792 602
309 143 525
309 182 1450
309 443 4748
309 683 3017
309 820 6848
310 150 7837
310 806 1446
310 959 2302
311 314 7325
311 395 5379
311 543 8075
311 807 2817
311 919 5780
312 267 9570
312 333 2595
312 409 7408
312 582 5236
312 758 5023
313 91 6009
313 469 2071
313 560 2373
313 650 5774
314 243 4968
314 291 4408
314 574 1654
314 649 7546
314 673 6665
315 288 7375
315 537 3727
315 589 93
315 609 2152
315 678 9650
316 59 2717
316 158 5676
316 185 6234
316 450 6804
316 720 7257
316 909 4649
317 451 7108
317 529 8170
317 937 9395
318 106 269
318 652 5819
319 219 1359
319 469 1025
319 621 8721
319 695 840
319 725 9650
320 117 70
320 166 9318
320 221 4068
320 314 3859
320 457 8700
320 503 3307
321 36 4201
321 54 6890
321 377 3498
321 444 1597
321 491 3799
321 599 3274
321 762 1893
321 817 5640
322 292 8326
322 308 8352
322 663 4417
322 749 1692
322 811 9591
322 948 3139
323 111 3089
323 177 8869
323 193 4365
323 228 702
323 356 1322
323 782 2222
324 80 1281
324 135 4407
324 311 4504
324 354 3447
324 394 1156
324 688 960
324 774 8531
324 989 1634
325 70 7688
325 234 8545
325 243 6446
325 428 8222
325 448 4656
325 620 4382
325 659 3335
325 668 9898
325 806 6120
326 674 5263
326 691 393
327 206 4649
327 664 6755
328 79 709
328 225 4942
328 366 1951
328 454 7597
328 486 461
329 52 8890
329 63 5677
329 64 1183
329 81 9121
329 244 6671
329 469 6378
329 540 3520
330 705 4101
330 790 7362
330 896 7325
331 112 5464
331 195 6700
331 417 5434
331 469 4472
331 494 8196
331 761 9584
332 14 5001
332 590 6954
332 782 5917
333 114 9932
333 342 7131
333 500 472
333 587 6100
333 622 6214
333 976 4058
334 375 633
334 425 1103
334 440 5169
334 576 4415
334 706 7587
334 722 3855
334 773 2455
334 950 3536
335 212 4193
335 260 5779
335 430 6396
335 861 6880
335 894 6423
336 461 2138
336 682 6919
336 761 1755
336 839 9214
336 856 9092
337 145 5232
337 297 4932
337 632 2793
337 658 6962
337 790 3322
337 855 5519
338 53 8979
338 327 8852
338 799 2700
338 903 486
339 205 905
339 226 7788
339 307 890
339 539 6999
339 943 9773
340 106 6017
340 158 9105
340 556 6169
341 616 4882
341 631 877
341 690 9866
341 818 537
342 47 3427
342 529 501
342 672 1528
342 847 9776
343 338 1301
343 532 4504
343 630 1088
343 673 1881
343 797 7441
343 899 1609
344 241 866
344 266 4280
344 713 6368
344 963 3169
345 212 4004
345 491 3470
345 647 5973
345 682 8289
346 531 3897
346 597 8453
346 691 7573
346 760 625
346 809 8661
346 931 5857
347 548 7685
348 89 2897
348 578 9745
348 617 8090
348 755 5659
348 835 4740
349 275 7615
349 717 802
349 808 2450
350 44 7954
350 108 8841
350 600 2202
350 859 8521
351 70 4235
351 185 6367
351 282 9742
351 447 1360
351 534 5510
351 652 1603
351 919 6945
352 300 1471
352 389 7354
352 693 8922
352 960 3281
353 131 7899
353 360 7185
353 422 18
353 500 4206
353 584 4904
353 713 2817
353 874 4396
354 107 664
354 136 8699
354 192 4081
354 204 4451
354 217 9919
354 221 3412
354 308 9894
354 314 3869
354 404 2568
354 414 9649
354 544 1191
354 562 8752
354 568 8150
354 710 8605
354 772 5330
355 283 9255
355 582 2200
355 657 753
355 834 8291
356 574 8172
356 576 4822
356 626 1451
356 807 9932
356 812 1452
356 928 6001
356 990 2540
357 204 9108
357 834 5657
357 909 1479
357 978 5268
358 112 8197
358 159 7307
358 174 2961
358 661 8450
358 940 6029
359 141 1550
359 203 9985
359 343 4344
359 599 2814
359 643 4481
359 676 1513
359 846 6915
359 873 1239
359 932 4120
360 154 1702
360 216 1465
360 307 538
360 488 861
360 614 6618
360 710 4174
360 719 760
361 234 9877
361 461 3269
361 468 9406
361 514 6933
361 650 7605
361 962 6701
362 48 5224
362 216 4698
362 508 6084
362 599 159
362 800 5982
363 76 9278
363 143 3294
363 164 8459
363 402 1640
363 433 3100
363 495 3266
363 707 4199
363 725 625
363 728 3865
364 2 5718
364 61 8345
364 183 9632
364 258 3660
364 892 6342
364 917 198
365 129 1530
365 194 1002
365 251 5316
365 595 1048
365 622 2621
365 873 7490
365 910 9482
366 73 88
366 404 9657
366 478 7162
366 601 6693
366 937 6484
367 139 5521
367 287 2846
367 509 1965
367 516 2245
367 562 3816
367 938 7379
368 220 7465
368 715 210
368 772 819
368 777 277
369 718 3367
369 749 4320
369 806 6133
369 858 3537
369 951 3127
369 959 6937
370 235 5136
370 313 7647
370 314 8498
370 559 8866
370 752 442
370 948 8820
371 219 7440
371 291 4248
371 613 8313
371 662 139
371 980 668
372 150 6609
372 208 6936
372 242 7104
372 433 7127
373 282 986
373 412 4834
373 570 7255
373 764 4772
373 955 6349
374 104 5248
374 225 9129
374 406 3883
374 415 2143
374 681 8106
374 797 8057
375 303 1008
375 491 1677
375 656 5004
375 840 4864
376 493 7753
376 553 2008
376 608 6203
377 101 2690
377 280 9906
377 600 4216
377 765 9917
377 776 6404
377 798 325
377 829 7517
377 973 9859
378 394 8328
378 413 7430
378 813 5925
378 846 9468
379 100 1210
379 107 2449
379 230 8444
379 332 4233
379 615 4519
379 704 8752
380 60 1006
380 131 1457
380 178 1803
380 192 4602
380 218 7141
380 260 5168
380 528 5150
380 579 6032
381 91 8727
381 108 6040
381 312 341
381 490 7389
381 700 9739
381 703 9661
381 819 8796
381 892 3884
381 901 2925
382 574 2782
383 39 7803
383 88 9870
383 166 8628
383 269 944
383 605 6077
383 866 1015
383 928 8855
384 95 8375
384 295 5582
384 696 5538
384 820 3545
384 840 6050
385 370 2335
385 373 9166
385 380 3210
385 417 8518
385 649 4507
385 729 5869
385 882 2722
385 886 2510
385 977 4182
386 575 2549
386 858 7533
387 456 1280
387 542 2699
387 550 5876
387 784 4419
388 263 4276
388 290 5600
388 433 185
388 859 5929
389 171 8820
389 186 9567
389 190 9412
389 257 8697
389 409 9737
389 646 7895
389 770 3137
389 782 2830
390 124 5860
390 372 9129
390 449 2558
390 529 1234
391 64 2581
391 137 7558
391 713 1147
391 776 7939
391 875 1899
392 345 2835
392 484 7539
392 552 9589
392 716 6753
393 73 909
393 131 2345
393 137 9748
393 197 5752
393 340 1942
393 798 3135
394 315 1685
394 402 3842
394 579 2933
394 707 2883
394 747 2017
394 796 9347
395 251 4932
395 640 6933
395 706 3754
395 846 4822
395 971 3353
396 12 275
396 181 8148
396 628 436
396 650 7822
396 683 8559
396 806 4368
397 233 9104
397 440 8201
397 606 8684
397 632 5518
398 274 4435
398 339 52
398 517 2428
398 679 5232
398 780 4657
398 877 2990
398 892 535
398 997 3010
399 205 8807
399 341 4064
399 870 8593
400 4 4956
400 218 9056
400 288 6623
400 395 7708
400 416 2050
400 560 8311
400 731 7258
400 819 3125
400 832 8711
400 966 5388
401 186 3282
401 580 7653
401 668 614
401 885 1976
402 383 1769
402 881 1170
402 933 7086
403 213 9829
403 335 9190
403 878 3260
404 3 8660
404 12 8699
404 39 4698
404 190 7668
404 196 5265
404 320 5829
404 902 1141
405 191 9390
405 252 6795
405 490 580
405 818 1281
405 930 9276
405 999 4063
406 163 2144
406 535 9658
406 672 5622
406 840 7919
407 260 5759
407 324 2082
407 340 2463
407 553 6547
407 853 5698
407 865 5465
407 903 6246
407 938 7811
408 155 1796
408 556 5137
408 640 3262
408 688 6072
408 855 5161
409 157 3382
409 224 9674
409 415 3698
409 424 3284
409 830 5233
409 949 2884
410 417 2692
410 507 5960
410 716 5810
410 830 4238
411 64 8847
411 140 6711
411 678 8694
411 679 2479
411 868 9202
412 198 3344
412 204 231
412 243 1553
412 651 4935
412 701 6465
413 258 573
413 361 4873
413 512 2990
413 676 5818
414 130 8312
414 229 8593
414 322 2124
414 402 9660
415 39 7966
415 378 109
415 644 2300
415 685 278
415 932 1364
415 976 1536
416 132 9679
416 163 8912
416 285 5082
416 334 7909
416 725 1789
416 790 4754
416 935 9283
417 0 5345
417 69 9337
417 149 6577
417 426 620
417 508 5903
417 528 5692
417 809 1106
417 849 9762
418 38 9837
418 166 1130
418 243 5042
418 331 5080
418 829 9527
418 869 9250
419 313 3705
419 685 9699
419 863 8543
419 914 5021
420 118 9713
420 529 3720
420 544 2233
420 655 8308
420 706 907
420 750 4093
421 58 9032
421 67 9133
421 93 7385
421 478 8318
421 525 8522
421 884 8991
422 36 7250
422 133 6819
422 175 9257
422 818 3696
422 892 6116
423 309 1422
424 27 1073
424 220 365
424 522 1899
425 365 1442
425 512 3399
425 958 2278
426 32 8015
426 791 7366
426 833 6213
427 24 4861
427 352 9103
427 499 3977
427 573 8469
428 478 9165
428 492 3179
428 621 3498
428 822 8955
428 906 3304
428 970 9793
429 283 2400
429 368 7773
430 258 6113
430 785 1443
430 792 6072
431 98 8161
431 101 7561
431 154 479
431 200 8461
431 242 9835
431 427 6086
431 936 6461
432 62 3268
432 216 8212
432 287 555
432 389 4351
432 683 6662
432 775 4309
432 883 8315
433 377 251
433 564 9953
433 663 2517
433 745 6539
433 931 1900
434 148 6472
434 161 911
434 170 8655
434 198 7711
434 533 6774
435 912 7299
436 37 6800
436 789 1023
436 820 3457
436 841 3308
436 928 9482
437 64 6463
437 98 4467
437 284 2001
437 683 7454
438 615 8812
438 767 3514
438 774 9118
438 880 9808
438 888 2383
438 971 1199
439 135 8865
439 798 713
440 3 2813
440 15 6083
440 40 5427
440 96 3443
440 137 4495
440 264 2908
440 457 3318
440 547 9108
440 606 9969
440 827 133
441 160 7608
441 298 3145
441 313 1454
441 333 5142
441 356 8268
441 882 3957
442 195 2956
442 399 2573
442 432 4256
442 606 4724
442 678 2089
442 789 3381
443 389 710
443 446 2950
443 492 8056
443 771 2332
443 834 1666
443 860 4948
444 92 690
444 142 6209
444 429 8677
444 630 63
444 681 3296
445 687 9162
445 759 7372
445 786 2338
445 923 6995
445 927 4267
445 969 5757
446 455 8566
446 763 446
446 988 8756
447 195 2090
447 334 6264
447 357 5288
447 559 3138
448 671 6070
448 719 9341
449 567 7580
449 994 2027
450 177 2697
450 283 5939
450 410 2239
450 530 8665
450 610 3742
450 758 3375
450 859 8454
450 889 2863
450 987 4907
451 425 2287
451 872 9882
452 435 9662
452 511 6208
452 855 6668
453 376 3683
453 605 2893
453 772 4998
453 835 8361
453 966 1733
454 89 3544
454 136 2643
454 308 5014
454 520 9670
454 659 5316
454 886 6470
454 989 5890
455 79 5239
455 573 715
455 581 6777
455 722 5149
455 855 8011
455 994 5991
456 65 7085
456 109 6291
456 270 3575
456 466 973
456 498 5518
456 649 9011
456 774 448
457 76 6376
457 146 9663
457 195 6549
457 210 6366
457 329 6590
457 820 3343
458 210 3726
458 462 5045
458 919 9019
459 30 3155
459 116 5347
459 256 9861
459 560 7902
460 36 1119
460 53 6523
460 116 7608
460 358 1892
460 906 1630
461 62 402
461 335 9327
461 465 2663
461 603 2853
461 746 1378
461 797 3879
461 877 2769
462 583 3338
462 716 7402
463 159 5178
463 268 5795
463 330 4291
463 468 4757
463 573 7421
463 612 7922
463 625 1241
463 999 5846
464 249 752
464 441 4292
464 614 2517
464 684 54
464 984 1021
465 30 2671
465 169 4224
465 172 528
465 263 2646
465 329 2989
465 452 7250
465 528 1829
465 597 749
465 706 5561
465 905 426
465 933 5013
466 153 8498
466 318 9616
466 825 5367
467 104 8827
467 112 6532
467 201 9638
467 570 3662
467 618 1878
467 654 7360
467 921 2323
468 26 8890
468 76 431
468 288 9424
468 396 2303
468 646 7937
468 947 2483
469 297 2760
469 382 7070
469 690 2252
470 129 3420
470 208 6441
470 307 272
471 201 4398
471 615 6372
471 856 8108
472 27 7256
472 130 845
472 142 1946
472 197 4094
472 360 9203
472 486 228
472 869 1866
472 925 6833
473 70 6209
473 88 5343
473 194 6150
473 285 3294
473 334 9296
473 638 6288
473 979 5052
474 70 2212
474 224 8555
474 459 6315
474 952 7152
474 977 4617
475 144 9075
475 208 3515
475 487 6032
475 670 2427
475 817 3793
475 991 3428
476 77 139
476 201 944
476 210 5158
476 411 985
476 421 5267
476 429 3462
476 648 8309
476 761 9672
476 786 8496
476 814 1209
476 908 475
477 360 9823
477 365 6741
477 371 48
477 521 554
477 800 9397
478 795 225
478 814 3749
478 914 5417
479 53 2918
479 199 9649
479 426 4204
479 619 1951
479 636 3698
479 805 8331
479 936 7412
480 145 5272
480 437 7344
480 455 8826
480 734 2878
480 804 8680
480 927 197
481 410 689
481 467 5442
481 758 5967
481 877 4913
481 991 2366
482 157 6054
482 235 7808
482 555 1226
482 691 9293
483 18 5579
483 148 4274
484 434 4899
484 509 34
484 569 7094
484 980 5206
485 202 6781
485 496 7590
485 869 4083
485 912 7837
486 188 6685
486 303 9930
486 848 6019
486 883 1265
487 192 5851
487 365 5309
487 429 5607
487 589 3457
487 949 4652
488 28 6523
488 140 3666
488 619 1540
488 718 630
488 885 4208
489 30 2937
489 155 1322
489 330 7690
489 511 4422
489 720 8664
490 156 5974
490 171 5251
490 318 8132
490 488 6170
490 510 2191
490 742 6294
490 796 3190
490 810 1575
490 835 247
490 959 883
491 24 7167
491 425 7050
491 600 6468
491 684 7767
491 770 9431
492 536 8290
492 671 6699
492 677 5382
492 848 3489
492 916 9609
492 935 3007
493 765 4362
494 19 7428
494 379 7646
495 362 7270
495 375 5254
495 985 406
495 992 3160
496 89 4162
496 367 3924
496 670 4387
496 682 3730
497 38 7117
497 163 3373
497 280 5847
497 322 1920
497 496 9639
497 516 4504
497 583 8377
498 363 8088
498 437 9602
498 691 4274
498 777 9298
499 16 8421
500 339 40
500 893 6121
500 932 6020
501 521 4663
501 689 6550
501 863 8338
501 979 1335
502 15 3493
502 18 1221
502 73 9514
502 163 1244
502 205 7478
502 292 5778
502 426 492
502 427 7997
502 591 9597
502 711 3267
502 911 7898
503 150 3055
503 172 7487
503 930 5461
504 25 3352
504 29 1094
504 542 3212
504 655 4852
504 705 7034
504 895 1444
505 90 5011
505 429 7263
505 530 8004
505 628 3785
505 708 3930
505 745 9851
505 870 9745
506 86 3116
506 142 1689
506 240 4094
506 649 6083
506 652 4719
506 659 1887
506 970 5118
507 188 8085
507 351 5023
507 614 9339
508 467 2519
508 477 4031
508 484 3455
508 715 8528
509 29 3249
509 54 1840
509 516 9838
509 645 912
509 751 5226
509 829 9628
509 847 1110
509 875 6646
510 185 9951
510 469 7823
510 473 4205
510 745 6122
510 841 5066
510 986 432
511 33 7925
511 136 296
511 347 1691
511 385 831
512 451 753
512 578 7248
512 658 3875
512 770 5647
512 791 651
513 328 8535
513 637 5512
513 993 8465
513 995 44
514 174 4786
514 255 2151
514 511 4068
514 767 4289
515 70 3711
515 198 8504
515 241 1438
515 435 5348
515 927 5469
515 987 7905
516 198 1929
516 380 1689
516 548 9839
516 593 1687
516 792 2274
517 18 1523
517 377 3335
517 507 886
517 528 6933
517 536 6616
517 556 6943
517 970 5351
518 128 7388
518 271 335
518 437 5948
518 760 4155
518 911 3586
519 284 3589
519 472 9025
519 596 6497
519 738 5526
519 914 6881
520 142 5094
520 168 3517
520 191 3901
520 331 9666
520 365 8425
520 492 9389
520 721 5130
520 726 9411
520 859 6913
520 888 6435
520 982 5366
521 106 1044
521 236 4277
521 443 9160
521 462 8651
521 657 3838
521 696 7091
521 778 3201
522 843 6868
523 498 3023
524 155 3526
524 495 3168
524 715 5411
525 471 6223
525 944 7781
526 39 227
526 186 6807
526 375 3945
526 580 7836
526 825 4708
526 923 415
527 102 551
527 186 9195
527 498 9223
527 619 9588
528 9 7303
528 208 4399
528 512 9813
528 656 730
528 743 1507
528 802 2579
528 850 6541
529 233 2806
529 919 3486
530 1 559
530 114 2958
530 450 7074
530 461 2266
530 874 8545
530 949 5157
531 2 8591
531 34 2941
531 91 2544
531 512 4498
531 574 5791
532 12 1099
532 326 3117
532 697 2096
533 466 4500
533 651 2612
533 657 5277
533 922 4713
534 134 8476
534 303 7929
534 409 6901
534 500 9168
534 717 2250
534 720 3380
534 822 3501
535 604 1060
535 618 8774
536 189 7513
536 263 9440
536 392 9828
536 450 3425
536 564 1305
536 714 9355
536 905 1387
537 161 8574
537 341 1684
537 397 9292
537 541 4764
538 231 1363
538 272 2868
538 368 421
538 523 9988
539 40 566
539 79 9299
539 122 8449
539 651 4550
539 816 3764
539 929 7975
540 320 7792
540 355 2118
540 438 5475
540 844 3488
540 912 379
541 210 9326
541 686 2188
541 850 2951
541 902 3844
542 111 2595
542 739 9829
543 21 9397
543 124 2605
543 233 1498
543 314 6807
543 573 2857
543 854 4048
543 911 8691
543 976 6395
544 260 5695
544 418 767
544 457 6458
544 585 6767
544 952 3538
545 146 8816
545 383 9059
546 28 7295
546 34 1181
546 425 8090
547 54 6926
547 87 1551
547 474 1952
547 558 421
547 718 764
547 911 6984
548 70 1897
548 148 7349
548 314 7420
548 459 7338
548 568 2013
548 818 8311
549 67 5470
549 162 1640
549 482 8554
549 492 300
549 680 2669
550 22 1359
550 193 2777
550 578 8632
550 905 1618
551 3 8254
551 107 839
551 374 2243
551 905 6938
551 922 1093
552 5 8795
552 668 8236
552 697 8115
552 769 3871
552 869 2687
552 976 198
553 266 6094
553 686 9469
553 691 21
553 997 770
554 124 4562
554 134 7277
554 486 8215
554 498 5008
554 669 6768
554 738 8910
554 959 9051
555 204 438
555 343 7804
555 897 6064
555 902 1912
556 397 4506
556 713 4523
557 308 880
558 90 5588
558 117 8820
558 321 9255
558 376 2538
558 474 9058
558 564 8479
558 808 9825
558 848 3620
558 878 5299
559 51 7088
559 980 9665
559 987 4133
560 119 5091
560 220 1139
560 411 308
560 426 9136
560 854 981
561 148 6093
561 166 2039
561 189 6694
561 457 518
561 566 3284
561 670 2966
561 756 2906
561 781 3555
561 830 7
561 849 9183
562 371 8445
562 583 658
562 796 4158
563 134 9132
563 354 8337
563 465 6635
563 886 1415
564 957 2676
565 307 1873
565 447 885
565 697 1233
565 826 308
565 955 2088
566 190 8162
566 456 8699
566 509 8426
566 628 5294
566 724 3821
567 7 7188
567 117 7181
567 240 5519
567 298 9869
567 391 8445
567 417 9089
567 543 5136
567 657 2561
567 693 1705
567 711 6665
567 935 5519
568 631 6292
568 650 9150
569 894 8208
569 977 8399
570 487 807
570 583 6637
570 637 7945
570 652 2881
570 664 3798
570 747 5105
570 872 3886
570 898 2241
571 0 6638
571 58 2189
571 108 6212
571 298 7919
571 331 5463
571 580 3387
571 590 6767
571 846 2006
572 175 3723
572 424 2055
572 865 4754
573 57 6624
573 96 3572
573 171 7709
573 593 6850
574 19 5981
574 481 5091
574 525 4119
574 551 2469
574 932 9121
575 90 9332
575 95 9407
575 447 8203
575 806 8262
576 63 5577
576 189 1373
576 316 6830
576 332 7004
576 481 2982
576 864 6714
577 50 3663
577 62 3
577 64 765
577 364 3239
577 853 3829
577 878 7838
578 6 4489
578 36 1440
578 563 7925
578 751 4060
579 360 5106
579 829 3211
579 899 8235
579 953 2509
580 83 6305
580 89 4769
580 246 2884
580 308 5891
581 84 163
581 119 1983
581 297 845
581 522 4620
581 560 2015
581 601 5139
581 812 2829
582 253 4347
582 430 8318
582 668 4100
582 760 1400
583 190 8952
583 413 9512
584 40 4996
584 210 5070
584 281 512
584 346 4131
584 655 7599
584 738 1442
584 852 6253
585 212 6793
585 252 2686
585 418 3283
585 553 475
585 675 5506
585 776 9474
586 24 5561
586 186 1560
586 414 1927
586 493 2949
586 520 309
586 833 2437
587 194 8375
587 322 7198
587 557 7162
587 820 1079
588 21 3990
588 599 8997
588 905 6212
589 168 7382
589 531 6094
589 537 5046
589 594 8608
589 813 114
589 873 5630
590 132 621
590 296 5078
590 355 5147
590 394 264
591 39 6062
591 363 2521
591 518 4556
591 577 9647
591 885 8450
592 329 5647
592 403 3879
592 606 9563
592 986 2188
593 18 4058
593 39 2744
593 182 3107
593 852 4564
594 582 2261
595 52 8996
595 302 7920
595 781 943
596 176 5400
596 249 75
596 375 1523
596 618 6080
597 72 3079
597 193 2348
597 232 7773
597 298 590
597 375 2349
597 814 5117
597 982 6662
598 279 822
598 433 9599
598 675 2014
599 337 2368
599 990 7149
600 144 2718
600 274 5361
600 301 525
600 717 5590
600 831 7639
601 191 9751
601 423 4444
602 315 7419
602 329 4664
602 909 5285
602 919 7441
603 142 1603
603 227 9692
603 344 9140
604 383 6478
604 820 3575
605 110 720
605 319 9128
605 434 80
605 436 790
605 553 3014
605 810 9303
605 891 6478
606 57 7223
606 267 5060
606 271 4366
606 543 9944
606 675 3313
606 681 2605
607 187 4559
607 259 6565
607 711 5429
607 843 8813
607 925 2093
607 930 4115
608 192 9047
608 275 5775
608 355 403
608 529 4589
608 718 214
608 729 625
608 864 4167
608 888 148
609 102 1845
609 798 2184
609 809 2404
609 888 8057
610 177 3760
610 197 7286
610 264 6187
610 692 4997
610 698 6394
610 785 1864
611 122 1589
611 332 8082
611 803 2143
612 305 1064
612 384 9570
612 409 5904
612 490 5866
612 509 4319
612 907 5973
612 956 1361
613 163 2116
613 637 4577
613 749 6134
613 974 1245
614 684 4356
614 783 640
615 106 3835
615 239 2862
615 411 8029
615 655 1678
615 744 3192
615 924 9551
616 7 8540
616 264 7583
616 760 246
617 12 7203
617 478 1745
617 645 9774
617 961 2177
618 29 5512
618 146 7936
618 292 5563
618 883 1723
618 992 9583
619 116 5901
619 324 625
619 337 3606
619 381 3890
619 616 8031
619 806 5621
619 868 1234
619 907 6969
620 10 997
620 463 2370
620 822 8792
621 313 1263
621 434 3007
621 886 9102
622 237 6760
622 419 9673
622 451 5721
622 519 8170
622 624 7070
622 646 1151
622 975 9609
623 344 2779
623 488 5003
623 801 8827
623 986 9770
624 682 8829
625 193 5860
625 432 5324
625 536 4399
625 751 1568
625 862 1540
626 216 5286
626 243 1580
626 396 4252
626 409 3380
626 561 9826
626 784 6915
626 828 9350
627 8 3333
627 9 3130
627 18 5236
627 372 3214
627 711 7026
627 968 5835
627 988 4268
628 160 6037
628 478 558
628 649 5563
628 662 3951
628 681 1842
628 802 4547
628 881 2742
628 899 757
628 962 8893
629 43 654
629 111 9535
629 459 3950
629 502 8634
629 749 3546
629 762 5357
629 924 5854
630 156 4985
630 458 4600
630 508 1723
630 869 6205
631 1 1080
631 383 2072
631 558 6366
631 793 8432
632 96 1123
632 127 9523
632 162 8942
632 257 2840
632 437 5486
632 568 9137
632 858 6607
632 921 8873
632 964 9795
633 109 4116
633 313 3413
633 420 4229
633 589 1126
633 975 7277
634 189 4178
634 556 1753
634 705 5605
634 975 9715
635 41 7342
635 220 7822
635 243 300
635 265 1146
635 371 2251
635 392 2992
635 470 4896
635 600 121
635 658 7091
635 854 2995
636 81 2550
636 266 6441
636 948 3585
637 271 10
637 936 3146
638 50 909
638 88 4656
638 131 3218
638 225 5611
638 356 1747
638 414 4787
638 483 4697
638 592 4527
638 622 4549
639 95 8111
639 358 4030
639 409 1156
639 819 9641
640 443 5219
640 496 739
641 86 8802
641 111 982
641 170 6490
641 400 5229
642 173 4708
642 195 8810
642 285 5684
642 758 1070
642 833 5339
642 861 516
642 877 4296
643 190 2622
643 400 6084
643 413 1250
643 646 6697
643 890 4843
644 21 8027
644 825 2314
644 942 6894
645 297 7484
645 419 5164
645 437 7374
645 677 1150
645 684 2516
645 993 6158
646 337 5745
646 362 5067
646 429 415
646 507 375
646 545 9472
646 611 2828
647 113 5585
647 164 5872
647 630 5555
647 764 1480
647 770 3309
647 856 5567
648 167 7477
648 394 2381
648 404 9160
648 783 3300
648 801 2228
649 246 6902
649 308 6312
649 393 9061
649 679 422
649 814 9320
649 851 2259
650 32 8946
650 158 5352
650 261 8129
650 560 8641
650 626 5167
650 704 3145
650 748 6788
650 946 6311
651 122 9038
651 261 5836
652 420 6032
652 469 9421
652 650 4203
652 849 5507
653 69 4190
653 134 2097
653 168 6927
653 278 3355
653 315 575
653 322 9609
653 397 4064
653 608 4345
653 679 5602
653 776 5005
653 853 5851
654 368 2050
654 522 6390
654 596 615
654 692 9473
654 832 7426
654 836 4737
655 115 1081
655 127 1493
655 158 7487
655 380 2640
655 427 7253
655 653 3599
656 189 6921
656 207 5110
656 341 6850
656 345 9730
656 592 9272
656 652 3597
656 839 9648
657 61 1266
657 575 1885
657 646 7287
657 698 1747
657 873 7174
658 246 2936
658 302 6178
658 818 1662
659 351 8101
659 809 6235
659 937 1617
660 30 7119
660 121 6178
660 124 8520
660 186 2523
660 240 3950
660 563 1851
660 594 9332
660 721 7678
661 162 8760
661 349 5835
661 403 316
661 917 3717
662 120 5583
662 171 4601
662 176 6642
662 487 9082
662 626 675
662 636 4864
663 84 1870
663 758 9775
663 964 7987
663 973 2365
664 11 865
664 453 5652
664 535 3704
664 583 1238
664 673 8386
664 751 8792
664 770 4936
664 907 4490
664 979 2099
664 982 312
665 111 5547
665 367 4047
665 462 5949
665 532 1174
666 25 3456
666 226 9016
666 282 1551
666 475 5019
666 716 5055
666 800 4851
667 201 7269
667 294 1542
667 446 1307
667 583 5559
667 598 533
667 942 5481
668 12 1371
668 233 9089
668 298 9277
668 364 5400
668 629 8077
669 135 6965
669 152 7635
669 325 7143
669 882 655
670 45 1843
670 170 1095
670 279 6314
670 390 7109
670 455 9665
670 617 3847
670 795 7772
670 807 3268
670 936 5680
671 89 4408
671 191 1638
671 505 7761
671 591 9487
672 161 285
672 367 6898
672 381 79
673 308 11
673 425 1275
673 643 112
673 744 2627
673 783 1543
673 846 8146
673 918 8150
674 47 5882
674 566 5268
674 756 4243
674 790 5317
674 856 2583
674 988 70
675 392 2589
675 800 5266
676 1 8342
676 247 266
676 395 7075
676 421 8939
676 879 8015
676 937 5895
677 37 1815
677 87 4658
677 286 2455
677 619 566
677 816 9068
677 832 7899
677 936 1379
678 5 2871
678 14 5881
678 248 6621
678 542 1652
678 590 9957
679 143 1105
679 499 3187
679 692 1370
679 841 5138
680 438 7777
680 605 4995
680 667 6751
680 752 9472
680 802 1774
681 250 5039
681 407 7447
681 935 5086
682 64 1921
682 84 9378
682 96 2732
682 105 2211
682 179 1434
682 347 5378
683 696 5370
683 711 5172
683 831 9932
683 963 8655
684 35 4728
684 199 2954
684 715 1259
685 320 1824
685 579 383
685 688 5072
685 866 5952
686 124 7609
686 192 1793
686 426 2697
686 550 144
686 624 276
686 835 7380
687 55 5678
687 346 2974
687 606 1962
687 943 3148
688 387 2619
688 917 636
689 1 3911
689 252 897
689 634 3364
689 872 1378
690 144 1114
690 235 8918
690 270 6830
690 859 599
690 958 3133
691 69 1814
691 242 2996
691 638 7672
692 50 6639
692 92 2836
692 97 4524
692 105 9671
692 253 4570
692 714 3817
693 128 9163
693 264 8584
693 441 3390
693 859 5447
694 205 6020
694 473 6210
694 587 9467
694 623 8899
694 824 1698
694 830 8735
695 3 2370
695 144 7501
695 297 4943
695 359 6250
695 373 7341
695 575 2758
695 768 4892
696 995 8260
697 289 6788
697 999 5933
698 296 4664
698 423 9969
698 574 6892
698 690 2345
698 693 2969
698 802 6834
698 807 2580
698 915 7089
699 26 6980
699 261 7133
699 584 7000
699 810 9433
699 936 1066
700 213 9463
700 634 5227
700 822 8240
701 64 7241
701 150 998
701 182 487
701 189 851
701 316 9083
701 337 9708
701 396 5333
701 921 4411
702 10 8686
702 210 525
702 596 9461
702 730 6125
702 835 1461
703 61 5456
703 156 9201
703 351 2144
703 430 495
703 522 7364
703 610 277
703 786 5356
703 804 1166
703 847 776
703 950 8551
704 412 5617
704 421 8003
704 526 9037
704 773 2293
704 912 449
705 174 4373
705 177 2770
705 385 191
705 441 411
705 498 2155
705 594 6399
705 729 9346
705 873 447
706 535 7890
706 569 767
707 13 5886
707 69 9481
707 112 9574
707 157 7534
707 386 493
707 601 116
707 843 2362
708 909 7585
709 387 3416
709 780 6381
709 787 3550
710 11 1804
710 76 9326
710 441 803
710 534 1335
710 670 5098
710 712 8872
710 734 6796
710 815 4086
711 208 3195
711 344 1208
711 834 1141
712 154 5681
712 374 7097
712 403 409
712 437 8658
712 496 1460
712 650 846
712 851 1238
712 949 6324
713 41 6488
713 135 5287
713 252 9147
713 503 2840
714 104 519
714 155 3615
714 397 445
714 402 5414
714 799 5792
714 805 9189
715 295 1058
715 359 8750
715 372 2882
715 380 455
715 508 6746
715 772 4796
715 966 6172
716 412 9083
716 524 6389
716 915 582
717 43 5427
717 218 5548
717 503 4010
717 816 9445
718 357 9706
718 608 3950
718 830 2146
718 833 3073
719 163 7057
719 322 7229
719 607 7301
719 885 683
720 19 3342
720 47 6471
720 203 8618
720 250 8358
720 503 2206
720 732 9045
721 31 4007
721 33 2842
721 130 4368
721 179 1059
721 839 7117
721 844 9221
721 912 6267
722 171 7871
722 418 6845
722 693 6269
722 743 8298
722 866 5264
723 361 7657
723 488 6350
723 695 3655
723 862 8652
723 970 4601
724 76 8570
724 102 5614
724 161 7444
724 390 5790
724 448 4636
724 455 4383
724 500 3478
725 51 1523
725 432 7630
725 559 2940
725 614 3008
725 667 6004
725 902 4306
726 259 7989
726 631 8941
726 791 1315
726 972 8907
727 102 4644
727 854 8106
727 899 5315
728 241 6968
728 244 7491
728 370 6405
729 13 2911
729 53 7827
729 115 5681
729 140 830
729 215 3799
729 427 8507
729 567 4480
729 832 8392
729 857 1813
729 943 923
730 390 21
730 433 9927
730 450 7521
730 620 6291
730 621 1535
730 683 8727
730 721 6778
730 748 9137
730 810 7812
731 51 8920
731 139 9873
731 330 304
731 405 6541
731 567 2134
731 649 173
731 889 1640
732 50 8238
732 172 8792
732 222 3525
732 224 5363
732 232 7646
732 440 7674
732 671 9463
732 857 376
732 882 4406
732 906 9278
732 912 6514
732 988 6794
733 13 6071
733 56 9380
733 181 5464
733 289 2456
733 398 3172
733 416 5355
733 507 9110
733 830 5975
734 152 4355
734 496 3643
734 571 2029
734 688 309
734 988 7229
735 159 4857
735 267 3810
735 728 512
735 901 7122
736 433 6333
736 585 7069
736 836 5194
737 25 3033
737 52 8562
737 136 9226
737 189 3193
737 278 6871
737 358 5955
737 371 9776
738 65 1122
738 116 6055
738 181 8621
738 352 9431
738 455 1420
738 585 6843
738 817 2171
738 958 7797
739 9 4141
739 216 260
739 349 5042
739 549 9971
739 853 6250
739 881 5953
740 7 7714
740 37 527
740 110 992
740 111 3512
741 386 3358
741 412 9097
741 577 6583
742 149 8261
742 274 1786
742 332 9790
742 340 4512
742 550 502
742 694 7494
743 272 4858
743 680 7424
743 818 1425
743 833 2526
743 910 5215
743 984 9418
744 57 8982
744 344 8725
744 388 4484
745 353 416
745 480 5936
745 510 5245
745 947 5431
746 136 5805
746 138 7532
746 255 9474
746 322 1628
746 451 4198
746 665 5474
746 724 651
747 311 941
747 340 8268
747 592 8760
747 816 9913
747 869 576
747 886 2760
747 905 6494
747 942 6153
748 490 8850
748 531 6270
748 761 8765
749 46 4457
749 82 7264
749 105 4587
749 282 1071
749 393 1334
749 412 7975
749 476 3385
749 890 2300
749 997 7447
750 436 8014
750 464 6885
750 817 31
750 953 7677
751 22 6850
751 177 4343
751 540 7172
752 120 7871
752 725 3935
752 788 581
752 806 1697
752 902 1370
752 959 1996
753 670 1904
753 678 9521
754 22 8432
754 94 2563
754 231 6200
754 385 2649
754 414 3495
754 493 294
754 520 3772
754 553 3051
754 683 6354
755 258 51
755 604 5105
755 714 7237
755 763 7032
756 74 1242
756 219 2435
756 285 1402
756 519 9520
756 551 767
756 733 2339
756 826 3755
757 97 9185
757 267 1405
757 500 5271
757 712 2219
757 892 9452
758 366 7001
758 475 2554
758 499 1718
758 501 9653
758 658 8602
758 780 706
759 674 7046
759 929 8915
760 24 4692
760 111 8277
760 265 2707
760 564 3624
761 245 5086
761 919 795
762 104 7370
762 153 7563
762 177 5622
762 244 1793
762 269 1319
762 399 5879
762 616 8761
762 627 3374
762 672 8932
762 817 5401
762 841 2244
762 984 4083
763 420 2864
763 485 4929
763 595 9025
763 913 9866
764 374 3407
764 383 9749
764 535 392
764 794 9405
764 977 9441
765 208 6306
765 305 7629
765 563 2980
765 572 2714
765 649 7429
765 750 9206
766 7 9737
766 292 2071
766 311 8354
766 456 6374
766 724 5041
766 933 2987
767 317 9351
767 436 6932
768 279 2015
768 456 9495
768 542 4872
768 602 9725
768 656 1309
768 844 3953
768 856 9056
769 100 6748
769 142 6750
769 291 5700
769 317 9556
769 380 9194
769 655 8856
769 897 4024
770 251 8087
770 374 5456
770 839 2030
771 900 2432
772 482 27
772 684 956
773 498 5808
773 936 4027
774 305 9980
774 700 3405
775 328 4144
775 415 9867
775 530 54
775 582 372
775 720 7142
776 11 6767
776 12 7400
776 482 1427
776 585 6097
776 711 8923
776 739 9987
776 775 3829
776 972 9643
777 7 1410
777 152 5272
777 242 4560
777 345 1366
777 422 7763
777 725 538
778 541 4340
778 641 2135
778 705 2619
779 298 923
779 453 3264
779 556 2104
779 700 8361
779 997 3962
780 236 3215
780 310 7405
780 592 6082
781 110 5704
781 174 3698
781 232 2103
781 592 7364
782 99 4992
782 339 2149
782 464 8488
782 619 5992
782 719 4700
783 244 8391
783 259 9622
783 281 5436
783 321 3435
783 588 4398
783 649 9891
783 746 8990
783 971 5827
784 102 8435
784 170 7019
784 351 1068
784 382 1400
784 532 4218
784 558 9939
784 611 761
784 662 348
784 835 5868
785 237 5816
785 315 8857
785 791 6576
785 848 5715
785 956 9505
786 75 7966
786 416 5827
786 503 7695
786 512 9865
786 617 8274
786 717 8776
786 797 7295
787 7 8135
787 326 8892
787 365 2222
787 976 6530
788 6 2202
788 123 9975
788 228 5460
788 282 194
788 295 6335
788 392 937
788 434 4849
788 524 2469
788 612 4677
788 700 3899
788 927 241
788 938 103
789 35 8122
789 250 7614
789 539 6224
789 582 4485
789 834 8646
789 935 456
789 954 9974
790 180 7563
790 505 3797
790 583 1957
790 888 8580
791 44 6733
791 101 6054
791 229 2086
791 316 7438
791 409 8560
791 454 9225
791 504 8755
791 799 1434
791 809 9341
791 969 721
792 188 3305
792 222 7590
792 338 5725
792 534 866
793 20 4314
793 119 7789
793 151 3980
793 404 9175
793 445 9243
793 615 3862
793 662 1651
793 803 8507
793 945 6664
793 992 8348
794 135 7061
794 320 7912
794 493 2322
794 643 796
794 699 2498
794 796 3427
795 163 2256
795 296 6169
795 616 6866
796 15 9404
796 104 7048
796 519 8202
796 821 4435
797 597 8677
797 807 8859
798 498 4834
798 556 6040
798 651 8736
798 744 9532
799 182 8375
799 321 349
799 350 248
799 585 8641
800 95 5742
800 506 9731
800 606 8992
800 806 3997
800 887 3345
800 970 5775
801 149 2214
801 172 2827
801 177 79
801 328 6790
801 561 4843
801 723 7118
801 775 1039
802 190 7714
802 229 3527
802 779 3003
802 872 5459
802 881 4068
802 920 3658
802 987 5423
802 999 9941
803 544 6611
804 34 7205
804 300 1205
804 306 9693
804 484 7621
804 521 6848
804 745 3958
804 887 890
805 27 168
805 372 118
805 773 1382
805 852 3950
806 169 5254
806 284 1251
806 813 2725
806 814 1973
806 819 6473
807 173 6626
807 304 3180
807 328 9429
807 552 5043
807 633 9072
807 949 8180
808 69 8856
808 340 7143
808 398 8470
808 433 7036
808 643 6102
808 994 1128
809 120 6273
809 258 5423
810 184 2595
810 192 4568
810 775 8880
811 74 2263
811 102 9172
811 173 9644
811 182 906
811 425 9693
811 679 8841
811 907 4198
812 387 3182
813 215 855
813 219 7524
813 304 2987
813 365 4400
813 383 4296
813 396 6192
813 736 1769
813 859 5349
814 220 7653
814 297 480
814 468 2321
814 634 7268
814 830 5760
815 335 1653
816 149 79
816 244 6458
816 377 1793
816 597 9036
816 696 2619
817 21 2657
817 200 4625
817 228 8134
817 287 853
817 340 5115
817 389 1871
817 697 6443
818 100 7432
818 224 3495
818 237 7529
818 418 8439
818 566 4776
818 834 3878
818 864 284
818 959 5014
819 54 2334
819 183 5045
819 406 2316
819 480 9849
819 860 2762
819 870 7451
820 39 5702
820 103 899
820 775 7090
820 863 6596
820 975 1772
821 375 6519
821 623 1961
821 645 6923
821 693 4918
821 880 2734
822 180 2200
822 260 5057
822 466 357
822 485 7003
822 614 186
822 658 7150
822 911 9494
823 94 6882
823 252 1560
823 393 1653
823 722 7469
823 994 5531
824 55 9019
824 542 4633
824 661 8902
824 849 8675
825 91 846
825 364 1917
825 553 8642
825 635 5289
825 852 7823
826 93 1674
826 150 335
826 177 5401
826 788 3475
827 174 3433
827 179 9907
827 455 488
827 764 2076
827 836 5767
827 896 2217
827 932 9775
827 946 9343
829 261 678
829 407 4061
829 530 3311
830 151 8036
830 294 6749
830 461 1654
830 624 7316
830 787 9606
831 385 3729
832 99 2330
832 127 7315
833 267 4586
833 306 6079
833 382 7657
833 436 1860
833 669 9280
833 749 7166
833 853 6812
833 935 4327
834 274 233
834 434 3439
834 550 9310
835 83 6889
835 118 1856
835 169 6552
835 550 8062
835 563 5302
835 749 5137
836 209 3380
836 224 5357
836 443 7965
836 520 3725
836 527 2767
836 716 7478
836 777 1107
837 12 1284
837 32 5209
837 998 5453
838 279 1810
838 329 9489
839 137 5938
839 302 887
840 243 9611
840 589 9118
840 629 8694
840 817 9314
841 256 1573
841 290 7799
841 711 5218
842 147 2260
842 598 1283
842 616 2079
843 52 1654
843 124 380
843 236 1318
843 356 3298
843 358 7289
843 550 932
843 813 650
844 142 481
844 588 7368
844 708 1055
845 874 2231
845 887 1711
845 986 2691
846 638 705
846 727 2465
846 884 1846
846 935 6665
847 17 712
847 72 5879
847 384 1986
847 420 2511
847 590 8976
847 746 1248
847 795 3442
847 964 9052
848 153 8914
848 260 768
848 543 6998
848 608 4863
848 695 6021
848 863 3778
848 873 6185
849 379 6438
849 512 5244
849 634 7058
849 814 5466
849 930 7024
849 933 6964
850 178 982
850 247 4981
850 266 7072
850 329 4555
850 499 9731
850 781 2562
851 48 8289
851 76 635
851 324 8195
851 386 8179
851 671 7169
851 784 4514
851 937 8297
851 944 1520
851 994 969
852 218 5728
852 720 5546
853 158 6884
853 440 9258
853 603 5744
853 674 5771
853 747 6470
853 867 2996
853 918 1924
853 933 5608
854 31 160
854 138 922
854 143 4119
854 286 8875
854 599 9502
854 638 4524
854 701 7280
854 737 1665
854 739 6806
854 814 7284
854 831 559
855 311 1908
855 358 1272
855 475 6846
855 552 8285
855 651 2973
855 667 5888
855 762 4153
856 21 4668
856 537 4525
856 820 4369
856 967 2976
857 94 8957
857 152 6604
857 696 3150
857 843 97
857 938 2236
858 323 1981
859 71 7681
859 873 5684
860 4 272
860 302 7018
860 375 426
860 449 1500
860 608 4820
860 711 2371
860 830 960
860 858 5957
860 859 7680
861 507 3495
861 715 9314
861 769 2614
862 55 2263
862 137 4696
862 256 8131
862 312 5426
862 397 2998
862 398 2974
862 759 4678
862 839 7025
862 896 9721
863 410 6436
863 771 4038
864 135 4007
865 327 7991
865 595 6139
865 999 7492
866 691 5908
867 567 7183
867 681 9310
867 790 6236
868 541 5680
868 551 4767
868 631 5547
868 720 8016
869 140 5632
869 219 4247
869 233 2279
869 296 2845
869 652 6995
869 721 2877
869 940 779
870 168 7593
870 214 3392
870 298 98
870 439 2124
871 24 1505
871 258 2417
871 338 7021
871 403 6927
871 496 3294
871 771 3888
872 296 5941
872 512 4449
872 562 1277
872 826 5244
873 562 3208
873 566 2854
873 732 1961
873 736 4244
873 869 2163
874 83 6225
874 309 5670
874 765 7387
874 889 5720
874 977 5260
875 148 6810
875 270 8347
876 152 2412
876 418 4782
877 25 5235
877 72 3847
877 130 1044
877 345 7344
877 569 4886
877 708 2497
877 923 2459
878 125 1801
878 479 5550
878 587 2268
878 720 1346
878 955 8766
879 6 5836
879 237 621
879 296 7235
879 378 2199
879 729 6570
880 231 6833
880 351 4543
880 361 3467
880 629 286
880 664 3901
880 829 146
880 898 7147
880 952 2647
881 80 8770
881 268 8019
881 449 6996
881 543 1201
881 636 1201
881 957 6525
882 9 8028
882 204 9529
882 467 126
882 747 6378
882 852 6494
882 977 602
883 305 3519
883 324 5168
883 434 1900
883 736 4232
883 819 349
884 196 7815
884 457 1524
885 269 2861
885 664 1862
885 712 6267
885 827 6421
885 955 8898
885 963 8012
886 87 63
886 325 2380
886 524 7337
886 536 4378
886 614 220
886 843 5536
886 932 9479
887 415 7862
887 615 7598
887 751 4126
887 867 4862
887 879 4679
888 285 4808
888 601 3004
888 811 9087
889 350 9841
889 360 4524
889 451 262
889 549 5695
889 581 5125
889 670 8162
889 707 5198
890 266 3790
890 610 5798
890 611 3124
890 861 7053
890 916 7517
890 942 1696
891 81 25
891 160 3641
891 500 8887
891 568 470
891 807 4848
891 833 7518
892 213 2043
892 479 5560
892 520 9557
892 694 6304
893 451 3928
893 533 830
893 673 1227
893 702 1157
893 773 3282
894 153 1945
894 283 1987
894 376 204
894 498 8710
894 681 5202
894 688 5783
894 724 3514
895 13 9662
895 425 9566
895 454 3925
895 768 3768
895 785 3418
895 890 9488
895 978 7184
896 39 711
896 41 3865
896 78 932
896 106 4449
896 108 8037
896 174 9449
897 496 3355
897 510 7049
897 895 6952
898 189 7291
898 298 2571
898 355 7663
898 445 5377
898 497 5471
898 511 1461
898 567 2805
898 576 8234
898 619 3938
898 821 7551
898 966 7410
899 329 5600
899 377 4695
899 539 206
899 660 5547
899 700 7790
900 326 6062
900 374 2110
900 963 1450
901 133 2890
901 301 6284
901 893 7746
902 286 2468
902 534 9428
902 716 8039
902 724 7889
902 780 3520
902 863 61
902 944 9329
903 90 8787
903 323 4881
903 443 7504
903 670 9750
904 87 9759
904 277 1303
904 664 2175
904 700 2628
904 908 1082
905 214 4935
905 224 3756
905 294 6289
905 890 4826
906 74 462
906 127 1089
906 237 726
906 311 4994
906 791 5475
906 812 5601
906 835 8173
907 354 9575
907 500 1138
907 758 1131
908 57 5178
908 306 7915
908 496 3355
908 897 5983
909 164 4825
909 235 5204
909 439 9295
909 463 7542
909 804 8632
909 844 9478
909 929 3674
910 285 1430
910 693 9676
910 992 3732
911 277 2147
911 284 6624
911 501 2561
911 693 7780
911 887 7104
912 182 4576
912 587 8428
913 283 9425
913 294 5947
913 414 5238
913 510 6904
913 547 6975
913 585 264
913 994 3489
914 68 4919
914 159 180
914 202 3381
914 432 2588
914 497 7224
915 121 7305
915 313 8598
915 720 2239
916 68 4778
916 364 988
916 459 8294
916 654 2926
916 797 9261
916 860 8484
917 197 7723
917 707 8888
917 939 7366
917 983 4208
918 45 2518
918 252 4434
918 330 5284
918 456 8205
918 636 4080
919 197 2137
919 285 9737
919 344 7113
919 913 3592
919 938 3235
920 97 5387
920 366 8992
920 484 2938
920 586 8471
920 761 6069
920 785 7605
920 814 8758
920 847 787
921 93 2968
921 257 5499
921 340 2031
921 599 5007
921 631 8350
922 32 9775
922 116 3810
922 490 7578
922 615 4314
923 133 4484
923 390 6077
923 395 4204
923 401 1826
923 430 104
923 619 8202
923 841 9195
923 869 1691
923 985 3880
924 44 8387
924 128 6428
924 188 2838
924 370 7516
924 401 8864
924 857 408
924 944 7045
924 948 8169
924 985 1920
925 360 4829
925 406 7971
925 490 5470
925 537 5143
925 599 2396
925 700 71
925 805 2250
926 274 1816
926 351 2075
926 447 3936
926 913 1408
927 178 8386
927 262 5045
927 331 3632
927 521 5820
927 740 4659
927 871 9305
927 873 5708
928 181 3007
928 348 5734
928 661 7301
928 778 5966
928 994 5794
929 23 9327
929 145 9113
929 195 2866
929 684 7444
929 937 2443
930 587 4243
930 655 3209
930 677 9240
931 128 4616
931 132 1982
931 207 2406
931 359 2081
931 454 8543
931 584 4475
931 825 6588
931 972 6810
932 802 8970
932 803 3746
932 882 5173
933 65 4972
933 175 7973
933 264 993
933 377 108
933 540 522
933 613 4274
934 47 2933
934 245 7393
934 401 7278
934 831 9873
935 453 7405
935 476 8015
935 797 4328
936 39 571
936 89 2732
936 336 1002
936 566 2369
936 834 9119
936 873 5760
937 737 5955
937 964 6477
938 70 4296
938 342 1834
938 446 6115
938 604 7711
939 87 2113
939 531 179
939 568 6852
939 744 7143
939 870 3512
939 990 998
940 276 5395
940 505 8460
940 652 6326
940 688 9450
940 709 2005
940 751 8668
940 766 5721
940 860 5679
940 913 4184
941 14 1136
941 54 4555
941 517 4068
941 556 8812
941 753 7514
941 876 343
942 232 5220
942 452 6949
942 532 1772
942 675 2261
942 878 9265
942 959 8279
943 49 5811
943 131 3211
943 148 3279
943 422 4250
943 741 2574
943 753 4961
943 889 4173
944 116 7793
944 233 8202
944 252 3469
944 684 7728
944 847 9687
945 23 4240
945 26 9781
945 51 7400
945 130 9221
945 145 5091
945 691 5721
945 725 354
946 244 4103
946 389 3115
946 580 9725
946 584 2651
946 609 9960
946 709 3384
946 724 8656
946 793 8505
946 878 603
947 396 7028
947 455 563
947 616 9633
948 38 5420
948 656 3262
948 910 350
948 989 3267
949 450 9936
949 752 4686
949 764 5326
949 953 8059
950 261 2571
950 492 6504
950 834 8723
950 947 408
951 184 2450
951 381 4203
951 729 67
951 808 8484
952 204 5544
952 388 6128
952 415 4377
952 419 342
952 436 5899
952 472 9664
952 957 9950
953 344 4678
953 467 940
953 575 4716
953 747 1086
954 366 4573
954 616 9784
954 901 6402
954 977 3675
955 47 4160
955 77 1557
955 543 3347
955 621 6324
955 684 2401
955 722 3795
955 754 9434
955 997 1787
956 149 6801
956 194 4664
956 229 7244
956 342 3847
956 427 9580
956 862 5833
956 970 7223
957 247 5825
957 362 2929
957 810 1102
958 220 9042
958 223 1996
958 304 1150
958 777 2327
958 778 5845
959 160 3832
959 195 6102
959 295 752
959 385 5157
959 575 4280
959 580 2995
959 593 1293
959 614 2610
959 781 8195
959 856 7237
960 148 1380
960 262 5524
960 775 8209
960 899 664
961 82 8262
961 676 7793
961 804 5876
961 931 4479
962 403 9643
962 860 1120
963 134 8374
963 474 3198
963 975 6586
964 166 5756
964 534 4122
964 622 5633
964 652 1143
964 672 2561
964 772 312
964 810 4466
965 132 6236
965 148 8922
965 459 450
965 660 4471
965 915 1755
965 949 3935
966 96 9122
966 802 6952
966 830 4137
966 849 7766
967 481 7939
967 644 6084
967 714 9041
967 744 2636
967 815 2700
967 895 7822
968 46 3210
968 161 3589
968 238 2147
968 342 445
968 391 6900
968 561 4059
968 807 943
968 912 8746
969 1 8925
969 226 4445
969 346 303
969 545 901
969 551 7354
969 631 9367
969 776 9072
969 871 4063
970 263 2774
970 470 6309
970 776 319
971 14 253
971 494 959
971 578 270
971 583 5095
971 854 926
972 554 9426
972 597 2142
972 784 5292
972 957 4291
973 77 2548
973 235 9825
973 407 3367
973 449 6551
974 796 8676
974 804 7952
974 856 3639
974 907 9999
975 21 6278
975 172 4545
975 593 1089
975 661 7702
975 818 7803
975 851 8053
975 880 7183
975 921 6066
977 184 618
977 731 2936
977 930 3842
978 134 5842
978 189 3670
979 383 6757
979 966 7264
980 182 1451
980 189 3698
980 199 1032
980 463 9123
980 520 7292
980 728 6857
980 747 3961
980 925 6388
981 65 874
981 316 3569
981 383 3559
981 403 5868
981 792 9718
981 898 217
982 118 4764
982 881 6205
982 975 3034
983 21 6880
983 165 4814
983 850 5556
984 98 8481
984 521 6582
984 559 4117
984 891 6403
985 102 4095
985 425 3212
985 492 9456
985 496 3100
986 375 3855
986 489 6678
986 645 1009
986 724 5911
987 91 9788
987 158 9760
987 164 630
987 181 1454
987 382 1784
987 564 8769
987 700 2582
987 773 2211
987 787 9698
988 36 7543
988 676 1346
988 736 3720
988 897 9665
989 48 6061
989 354 2059
990 182 9628
990 718 3979
991 849 4977
992 90 7593
992 108 2492
992 133 8576
992 225 7337
992 474 727
992 539 9390
992 597 5500
992 808 961
993 104 169
993 165 7714
993 329 1726
993 375 9787
993 570 4216
993 619 548
993 691 1971
993 777 3475
994 87 3537
994 99 346
994 244 7353
994 452 7826
994 833 1009
994 912 6340
995 111 7583
995 141 9091
995 216 1096
995 409 9015
995 736 278
995 795 9037
995 942 3199
996 119 2762
996 187 6664
996 204 320
996 340 7295
996 768 2995
996 797 6785
996 895 5597
997 118 6643
997 484 1363
997 614 9537
998 33 8181
998 377 4561
998 559 7507
999 97 6358
999 266 1781
999 292 1253
999 381 8448
