1000 1
0 31 197
0 313 921
0 435 718
0 640 489
0 872 850
0 909 161
1 15 688
1 46 513
1 185 281
1 337 565
1 654 460
1 679 210
1 983 523
2 160 886
2 481 790
2 482 715
2 555 355
2 580 569
2 914 934
2 979 167
3 30 342
3 45 622
3 486 212
3 667 652
4 194 538
4 454 463
4 618 21
4 983 559
5 80 244
5 394 110
5 680 637
5 822 314
5 830 74
6 178 325
6 226 446
6 331 811
6 897 62
6 941 732
7 527 573
7 771 797
7 918 605
7 976 249
8 145 797
8 188 371
8 321 710
8 630 743
8 727 526
8 878 534
9 443 254
9 463 69
9 650 171
9 757 590
9 781 596
10 136 904
10 148 970
10 564 273
10 607 320
10 957 945
11 185 918
11 395 167
11 714 393
12 85 930
12 127 329
12 479 8
13 223 285
13 336 575
13 547 360
13 758 581
13 838 902
14 43 719
14 120 691
14 291 432
14 358 287
14 468 763
14 881 684
14 944 428
15 524 26
15 574 938
15 593 678
15 793 394
15 871 759
16 87 74
16 170 259
16 225 510
16 375 762
16 567 828
17 550 640
17 684 108
17 727 315
17 746 208
17 761 659
18 43 94
18 505 231
18 536 949
18 737 178
18 745 867
18 823 909
19 556 963
19 571 277
19 619 766
19 901 808
19 982 77
20 696 825
20 994 407
21 484 398
21 662 820
21 716 353
21 923 838
21 993 274
22 61 998
22 66 408
22 71 920
22 171 865
22 349 917
22 370 998
22 470 611
22 494 334
22 829 815
22 867 696
23 553 451
23 575 844
23 824 388
24 128 723
24 288 127
24 380 437
24 429 343
24 687 7
25 111 39
25 221 90
25 421 476
26 331 352
26 396 644
26 602 776
26 690 548
26 992 127
27 105 32
27 150 755
27 421 778
27 766 335
27 957 119
28 185 618
28 202 166
28 244 301
28 823 268
28 929 803
28 978 365
29 408 522
29 913 13
29 999 566
30 796 933
30 915 43
30 927 332
30 933 429
30 962 733
31 17 864
31 45 631
31 518 572
31 859 558
32 120 502
32 307 546
32 485 699
32 807 650
32 964 54
33 327 81
33 498 974
33 557 968
34 390 231
34 446 715
34 563 120
35 402 120
35 413 367
35 601 3
35 641 336
36 100 409
36 118 344
36 296 888
36 325 379
36 437 259
36 603 344
36 658 854
36 662 282
36 748 270
36 847 522
37 191 681
37 270 454
37 275 416
37 372 315
37 528 793
37 652 334
38 35 503
38 260 920
38 347 543
39 10 367
39 99 716
39 306 638
39 326 272
39 536 888
39 620 871
39 889 209
40 38 561
40 45 228
40 51 700
40 231 162
40 480 979
40 743 350
40 780 719
40 847 528
41 121 825
41 298 3
41 320 753
41 466 223
41 568 270
41 590 442
41 752 681
41 755 935
41 761 824
41 783 592
41 789 328
41 834 753
41 978 287
42 276 413
42 439 978
42 457 184
42 545 357
42 563 523
42 704 552
42 867 189
42 912 412
43 153 397
43 924 921
44 215 251
44 445 870
44 463 516
44 471 421
44 565 897
44 640 96
44 647 765
44 728 654
44 752 273
44 902 710
44 971 359
45 289 889
45 298 821
45 320 529
45 511 704
45 534 546
46 154 299
46 281 927
46 488 172
46 856 820
47 124 288
47 334 341
47 438 672
47 442 680
47 681 428
47 780 172
47 892 894
47 939 888
47 980 163
48 25 121
48 69 372
48 262 824
48 320 104
48 820 201
48 860 965
48 951 718
48 985 291
49 309 643
49 517 7
49 524 796
49 647 530
49 810 303
49 995 417
50 56 401
50 86 674
50 116 847
50 324 54
50 415 389
50 513 325
50 875 328
51 174 557
51 740 645
51 879 803
52 232 294
52 287 53
52 825 852
52 871 557
52 936 960
52 951 298
53 235 623
53 602 218
53 738 948
53 765 931
53 798 712
54 67 252
54 91 438
54 256 636
54 559 931
54 710 7
54 885 855
54 921 262
55 332 856
55 575 494
55 771 140
55 786 4
55 848 660
56 202 915
56 319 539
56 329 240
56 677 779
56 760 564
56 860 580
56 984 686
57 102 550
57 468 890
57 569 33
57 673 582
57 741 261
57 957 391
58 227 812
58 229 613
58 849 29
59 417 724
59 651 457
59 836 540
60 21 410
60 115 593
60 384 962
60 405 884
60 406 852
60 465 165
60 608 243
60 658 100
60 696 374
60 997 518
61 12 458
61 26 534
61 248 464
61 409 174
62 73 701
62 123 377
62 142 725
62 267 433
62 458 249
62 501 469
62 663 228
62 919 625
62 925 2
62 997 166
63 67 308
63 224 62
63 715 132
64 25 424
64 55 661
64 334 419
64 442 667
64 670 344
64 709 265
64 772 849
64 778 334
65 478 148
65 517 915
65 612 585
65 616 812
65 668 627
65 709 368
65 710 264
65 752 760
65 869 65
65 923 109
65 977 701
66 285 304
66 417 430
66 629 514
67 70 586
67 137 788
67 145 923
67 266 847
67 476 649
67 630 42
67 997 219
68 10 796
68 16 785
68 182 472
68 574 501
68 719 134
68 836 80
68 916 359
68 993 564
69 4 806
69 32 4
69 81 168
69 108 171
69 237 932
69 275 573
69 574 187
69 757 529
69 807 796
69 895 138
70 617 589
70 624 550
70 769 120
70 770 549
70 855 263
70 856 467
71 45 350
71 64 890
71 189 945
71 216 246
71 468 185
72 27 385
72 203 418
72 310 561
73 481 192
73 980 968
74 197 957
74 700 622
74 705 615
74 944 700
75 182 929
75 195 843
75 267 643
75 685 100
75 903 595
76 179 444
76 191 56
76 500 804
77 71 441
77 584 620
77 876 484
78 149 56
78 402 583
78 488 982
79 107 151
79 127 222
79 717 869
80 174 457
80 392 388
80 476 330
80 974 568
81 360 440
81 593 919
81 646 30
81 767 847
81 783 559
82 174 880
82 336 180
82 660 448
82 916 610
83 660 644
84 50 362
84 384 382
84 801 689
85 245 435
85 276 734
85 557 110
85 617 404
85 780 934
85 822 231
85 974 223
86 736 925
86 894 268
87 41 998
87 328 171
87 492 469
88 143 40
88 303 453
88 323 248
88 931 932
89 461 4
89 548 582
89 571 221
89 648 247
89 759 969
89 936 124
89 937 678
90 325 933
90 345 172
90 347 395
90 428 108
90 553 538
90 615 509
90 735 167
90 867 68
91 365 251
91 521 782
91 822 232
91 973 312
92 21 54
92 143 564
92 157 743
92 173 462
92 325 512
92 422 963
92 564 526
92 651 790
92 990 41
93 33 190
93 51 378
93 616 847
93 680 562
93 759 198
94 89 752
94 366 796
94 477 188
94 618 856
94 964 835
95 512 476
95 623 13
95 676 520
95 682 443
95 746 510
96 2 549
96 89 124
96 100 472
96 329 582
96 333 571
96 814 616
96 832 276
97 118 782
97 238 624
97 443 414
97 452 976
97 490 104
97 627 600
97 712 484
97 819 183
97 822 9
97 861 924
98 239 349
98 276 360
98 660 236
98 864 101
98 941 473
99 200 489
99 326 597
100 198 886
100 398 389
100 623 880
100 907 670
101 629 904
101 733 72
101 764 209
101 897 644
102 44 401
102 229 774
102 327 982
102 457 205
102 522 360
102 897 440
102 904 410
103 61 640
103 201 295
103 315 200
103 521 530
103 730 599
104 16 183
104 310 103
104 351 115
104 857 888
105 437 151
105 655 882
105 874 435
106 58 771
106 103 705
106 269 698
106 417 622
106 807 754
106 831 681
107 104 64
107 126 841
107 559 873
107 733 519
107 805 764
108 308 450
108 309 602
108 472 129
108 888 199
109 165 11
109 386 723
109 775 565
109 950 532
110 237 953
110 771 810
111 283 117
111 847 395
111 886 209
112 164 738
112 234 447
112 477 121
112 752 208
112 765 929
113 337 799
113 400 638
113 619 247
113 688 291
113 727 789
114 109 253
114 359 766
114 684 878
114 953 296
114 978 47
114 992 133
115 121 97
115 288 671
115 323 456
115 451 251
115 498 59
115 521 121
116 308 137
116 697 572
117 92 58
117 847 999
117 873 952
117 970 27
118 103 173
118 333 992
118 897 367
119 221 860
119 236 195
119 256 92
119 265 315
119 299 938
119 346 61
119 547 607
119 665 323
119 741 31
119 845 657
119 947 860
120 720 424
120 856 405
121 511 190
121 546 774
121 864 903
122 119 67
122 149 827
122 493 439
122 667 164
122 809 514
123 282 846
123 337 685
123 575 674
123 579 678
123 971 84
124 97 94
124 153 481
124 245 649
124 362 92
124 382 96
124 487 423
124 691 871
124 897 378
124 916 130
124 917 657
124 929 677
125 162 266
125 183 399
125 240 931
125 244 618
125 424 641
125 512 897
125 746 969
125 767 324
125 982 256
125 998 207
126 91 358
126 464 350
126 868 935
127 321 994
127 347 740
127 482 294
127 961 412
128 309 995
128 404 696
128 454 940
128 518 794
128 538 323
128 593 116
128 753 986
128 946 1
128 959 483
128 968 478
129 934 82
130 255 774
130 553 627
130 561 265
130 906 293
130 957 675
131 50 818
131 285 223
131 472 841
131 735 368
131 818 659
132 82 226
132 249 552
132 348 242
132 474 891
132 639 131
132 721 856
132 961 831
133 86 856
133 106 173
133 284 726
133 509 9
133 997 549
134 54 25
134 125 804
134 219 169
134 268 916
134 355 64
134 404 354
134 589 676
134 690 854
134 910 94
134 931 20
134 957 881
135 21 756
135 311 624
135 576 91
135 601 301
135 736 999
135 928 893
136 78 479
137 735 835
137 743 117
137 907 472
137 937 588
138 371 66
138 394 987
138 454 188
138 494 907
138 516 779
138 888 524
138 915 3
138 974 73
139 38 373
139 457 188
139 516 307
139 629 3
139 648 465
139 649 354
139 812 427
139 962 15
139 966 551
140 261 825
140 441 606
140 533 246
140 672 399
140 847 61
140 882 310
141 528 911
141 600 274
142 50 132
142 658 832
142 763 974
142 768 477
142 772 561
142 987 375
143 139 863
143 374 795
143 518 668
143 775 346
144 90 653
144 201 510
144 453 340
144 496 145
144 578 762
145 71 912
145 206 720
145 287 807
145 321 125
145 460 308
145 541 891
145 572 323
145 793 108
146 285 52
146 402 606
146 433 998
146 904 334
146 975 129
147 5 963
147 267 596
148 421 815
148 608 720
148 879 422
149 12 305
149 256 270
149 495 675
149 597 12
149 661 43
149 701 575
149 834 644
149 929 582
149 962 805
150 248 917
150 341 307
150 410 816
150 718 910
150 931 630
151 61 203
151 137 855
151 157 447
151 352 10
152 274 51
152 440 578
152 484 916
152 494 269
152 764 102
152 914 431
153 678 663
153 955 468
154 696 935
154 807 995
155 220 618
155 270 357
155 349 11
155 870 172
156 123 829
156 312 831
156 651 334
156 656 721
157 27 846
157 96 705
157 219 157
157 618 210
157 716 27
157 724 172
157 764 560
157 880 760
157 913 335
158 76 964
158 514 584
159 357 607
159 644 626
160 134 119
160 249 448
160 358 47
160 595 614
160 694 676
160 756 310
160 791 822
161 259 949
161 630 948
161 773 374
162 201 313
162 278 333
162 339 58
162 399 226
162 676 177
162 695 616
162 839 824
163 33 681
163 298 547
163 338 547
163 419 740
163 425 387
163 803 273
163 849 15
164 128 835
164 351 500
164 726 264
164 767 662
165 13 637
165 766 759
166 22 273
166 32 273
166 351 336
166 471 287
166 708 382
166 901 956
166 968 80
167 239 209
167 310 962
167 395 580
167 645 856
167 932 523
167 935 214
168 93 188
168 344 894
169 109 811
169 248 477
169 341 146
169 405 419
169 634 814
170 51 105
170 152 785
170 742 488
170 754 713
170 855 10
171 17 503
171 62 576
171 188 878
171 486 645
171 617 118
171 904 4
171 932 239
172 243 498
172 725 964
172 752 399
172 783 635
172 916 36
172 922 110
172 929 22
172 965 473
173 12 950
173 50 170
173 308 831
173 753 298
173 995 182
174 9 25
174 281 623
174 343 244
174 779 283
175 181 549
175 323 250
175 379 405
175 599 197
175 640 231
176 9 496
176 718 394
177 73 122
177 226 221
177 329 580
177 481 735
177 876 256
177 979 268
178 259 857
178 382 141
178 607 281
178 649 59
178 723 10
178 968 930
178 983 338
178 999 775
179 503 938
179 927 12
180 520 781
180 595 418
180 661 545
180 702 304
180 767 84
181 304 881
182 140 422
182 409 610
182 845 440
182 864 7
182 874 248
183 226 503
183 716 646
183 832 198
183 944 798
184 19 207
184 256 95
184 440 230
184 471 162
184 579 101
184 751 321
184 832 406
184 871 976
185 453 215
185 655 550
185 897 413
185 903 984
185 960 827
186 53 518
186 143 83
186 146 442
187 213 188
187 676 438
188 30 361
188 200 115
188 487 594
188 839 728
188 955 488
189 44 701
189 266 400
189 670 927
190 1 900
190 33 646
190 89 218
190 248 490
190 429 723
191 439 119
191 526 246
192 21 448
192 271 962
192 473 314
192 550 896
192 906 376
193 1 511
193 21 353
193 116 164
193 145 738
193 712 66
194 11 71
194 448 240
194 965 391
195 189 313
195 275 996
195 282 628
195 516 207
195 776 665
196 29 907
196 267 180
196 506 951
196 644 6
196 704 643
196 755 421
196 885 854
196 948 78
197 50 511
198 570 686
198 620 140
198 782 627
199 212 666
199 309 502
199 394 568
200 28 798
200 561 197
201 163 564
201 272 78
201 652 843
201 892 912
202 727 29
202 973 756
203 90 641
203 110 112
203 596 266
203 716 561
204 29 594
204 184 283
204 207 178
204 275 121
204 359 777
204 404 853
204 511 38
204 986 876
205 451 287
205 482 659
205 563 664
205 703 688
206 129 480
206 130 36
206 211 297
206 339 146
206 525 629
206 713 361
206 721 422
206 977 533
207 46 266
207 148 284
207 400 997
207 414 144
207 684 969
207 855 166
207 968 366
208 40 548
208 281 244
208 552 702
208 561 882
208 908 699
208 938 168
209 97 774
209 189 571
209 225 934
209 378 714
209 412 379
209 536 514
209 570 455
209 826 872
210 10 117
210 266 802
210 596 984
210 909 981
210 966 561
211 69 917
211 506 895
211 540 203
211 684 997
211 732 546
211 853 188
212 635 922
212 713 43
213 42 163
213 217 89
213 687 250
214 178 490
214 302 67
215 41 453
215 112 360
215 138 258
215 522 342
215 710 378
215 870 703
215 873 61
215 932 378
216 106 909
216 231 4
216 318 233
216 400 628
216 422 959
216 547 917
216 677 78
217 65 354
217 478 905
217 568 951
217 669 642
217 712 695
218 150 319
218 155 274
218 244 357
218 846 75
218 876 886
218 920 827
219 144 107
219 223 404
219 510 930
220 242 725
220 269 994
220 291 983
220 667 276
220 942 804
220 955 267
221 129 423
221 362 919
221 428 389
221 714 203
221 886 917
222 52 992
222 218 318
222 328 763
222 642 864
222 702 313
222 814 743
223 12 181
223 65 1000
223 69 410
223 259 902
223 423 930
223 931 834
224 367 979
224 502 528
224 869 168
225 91 991
225 195 893
225 212 678
225 246 950
225 304 974
225 308 501
225 788 368
225 959 640
226 111 602
226 522 210
226 594 151
226 617 489
226 713 794
227 87 640
227 150 409
227 333 159
227 395 609
227 499 645
227 563 757
227 792 967
228 42 996
228 123 996
228 158 585
228 295 5
228 459 345
228 722 768
229 167 102
229 409 296
229 517 354
229 670 22
230 339 839
230 682 51
230 719 230
231 6 899
231 301 955
231 466 79
231 773 881
231 908 913
232 142 706
232 279 868
232 319 46
232 637 817
232 827 729
233 45 204
233 428 591
233 673 464
233 706 562
234 84 256
234 161 82
234 831 619
234 865 388
235 24 638
235 526 318
235 685 979
235 757 17
235 842 298
236 5 415
236 36 777
236 90 872
236 232 290
236 273 780
236 278 137
236 448 124
238 87 515
238 142 359
238 412 540
238 443 366
238 829 959
239 374 50
239 410 48
239 763 464
240 266 513
240 293 888
240 503 698
240 507 362
240 867 613
241 90 243
241 427 466
241 432 632
241 698 740
242 314 784
242 398 622
242 518 110
242 740 431
243 34 753
243 99 162
243 129 343
243 248 109
243 322 320
243 657 516
243 865 239
244 192 213
244 515 307
244 635 283
245 7 700
245 264 82
245 453 381
245 499 103
245 866 939
245 979 562
246 262 871
246 314 402
246 524 89
246 589 910
246 984 706
247 169 493
247 246 441
247 514 729
247 649 998
247 889 903
248 19 237
248 83 853
248 161 543
248 651 514
249 175 5
249 331 860
249 393 786
249 471 989
249 483 750
249 764 338
249 847 640
249 945 281
250 236 861
250 371 212
250 396 128
251 464 153
251 679 734
251 719 695
251 815 177
251 996 121
252 142 945
252 939 644
253 92 98
253 285 435
253 596 625
253 942 646
253 984 54
254 91 914
254 843 905
255 157 297
255 189 322
255 201 499
255 691 300
255 782 941
255 855 365
256 57 426
256 158 367
256 366 391
256 420 852
256 908 1
257 194 166
257 373 653
258 200 344
258 943 633
259 20 528
259 200 716
259 556 839
259 784 545
259 809 875
260 138 257
260 267 904
260 340 539
260 774 582
260 782 183
260 789 737
261 342 423
261 540 224
261 998 363
262 234 666
262 826 631
262 976 233
263 394 530
263 712 157
263 753 853
263 862 259
263 900 145
264 230 478
264 567 162
265 190 430
265 312 368
265 577 114
266 386 695
266 530 467
266 588 860
266 701 694
267 77 207
267 739 419
267 812 444
267 853 887
267 895 378
268 76 144
268 238 649
268 448 956
268 463 881
268 529 333
268 761 770
269 139 933
269 293 695
270 863 991
271 75 241
271 100 640
271 246 201
271 445 931
271 485 418
271 495 284
271 850 546
271 877 34
272 213 701
272 267 779
272 366 794
272 484 771
272 529 12
272 742 304
273 334 544
273 448 466
273 626 842
273 746 681
273 849 736
274 297 280
274 990 192
275 111 662
275 639 260
275 865 335
275 911 724
276 432 834
276 477 702
276 507 483
276 525 156
276 602 426
277 106 799
277 338 582
277 416 961
277 797 206
277 935 675
278 357 356
278 377 666
278 629 456
279 548 218
279 993 209
279 996 229
280 18 996
280 250 688
280 621 989
280 679 551
280 901 905
281 785 54
282 54 613
282 726 754
283 237 673
283 340 463
283 468 312
283 516 979
284 263 283
284 276 206
284 551 127
284 586 523
284 866 263
285 518 54
285 656 776
286 345 617
286 359 982
286 380 960
286 651 242
286 695 320
286 894 101
286 917 440
287 40 305
287 344 901
287 583 448
288 47 455
288 86 2
288 147 569
288 345 469
288 574 337
288 721 17
289 168 245
289 185 191
289 250 29
289 323 231
289 412 437
289 705 999
289 786 627
289 821 425
289 980 900
290 13 421
290 70 217
290 205 789
290 422 173
290 902 333
291 89 990
291 116 744
291 127 999
291 243 102
291 339 398
291 508 379
291 603 979
291 617 391
292 463 294
292 574 920
292 753 536
292 815 483
293 177 818
293 276 127
293 354 718
293 547 451
293 611 15
293 888 826
294 383 205
295 39 216
295 318 119
295 496 408
295 728 984
295 759 718
295 819 10
296 102 309
296 317 537
296 358 908
296 460 157
296 594 432
296 779 303
296 811 41
297 114 80
297 229 69
297 383 669
297 502 310
297 976 778
298 23 317
298 80 902
298 160 164
298 260 338
298 290 415
298 294 469
298 353 820
298 363 123
298 394 786
298 578 516
298 976 971
299 225 444
299 254 919
299 473 35
299 810 783
300 6 858
300 757 993
300 802 652
300 862 34
301 292 813
301 456 288
302 128 858
302 304 435
302 361 149
302 673 177
302 922 165
303 7 170
303 15 80
303 248 483
303 264 56
303 526 910
303 796 173
303 831 220
304 45 262
304 129 533
304 152 606
304 393 346
304 462 312
304 549 770
304 764 587
305 253 54
305 698 761
305 730 528
305 740 942
305 804 605
305 820 881
305 821 957
305 940 498
306 43 255
306 315 922
306 987 232
307 6 236
307 74 255
307 219 559
307 312 454
307 453 693
307 724 925
307 914 636
308 342 958
308 361 228
308 961 853
309 22 451
309 514 423
309 738 327
309 926 863
310 98 155
310 492 589
310 536 151
311 49 805
311 81 394
311 314 332
311 488 630
311 678 931
311 688 719
311 937 234
312 178 855
312 253 247
312 500 510
312 507 214
312 779 139
312 864 997
312 870 223
312 968 365
313 127 146
313 139 476
313 167 404
313 315 623
313 320 491
313 366 125
313 625 793
314 165 21
314 325 746
314 409 415
314 713 752
314 721 259
314 802 432
315 161 962
315 212 516
315 376 919
316 72 408
316 334 860
316 898 796
317 102 386
317 252 486
317 262 362
317 538 863
317 558 268
317 731 627
317 850 938
317 854 910
318 133 451
318 458 221
318 903 34
319 4 810
319 42 18
319 52 84
319 553 264
319 878 911
319 911 249
320 183 810
320 191 202
320 281 518
320 452 787
320 465 406
320 493 770
320 643 574
320 771 7
321 6 772
321 305 869
321 394 655
321 481 983
321 842 818
322 241 978
322 275 595
322 301 155
322 338 658
322 342 382
322 344 18
322 387 676
322 679 108
322 765 937
322 844 966
322 923 281
323 546 962
323 876 302
323 899 209
324 221 89
324 738 312
324 771 996
325 76 106
325 237 845
325 316 769
325 760 727
325 803 388
325 999 235
326 166 546
326 167 433
326 257 931
326 293 331
326 422 75
326 608 568
326 677 417
326 782 777
327 283 162
327 621 928
327 624 69
327 653 141
327 690 803
327 768 149
327 892 431
328 115 469
328 310 746
328 501 232
328 630 111
328 647 103
329 16 434
329 395 527
329 640 30
329 709 18
329 753 643
329 814 319
329 959 752
330 189 883
330 456 66
330 751 907
330 804 771
330 927 407
331 91 939
331 414 72
331 610 33
332 63 300
332 147 219
332 468 243
332 558 778
332 642 742
333 371 301
333 426 530
333 701 397
333 997 117
334 106 312
334 534 425
334 707 53
334 980 294
335 179 222
335 220 165
335 889 231
335 916 29
336 6 259
336 103 148
336 246 677
336 311 95
336 536 777
336 551 446
336 694 598
336 768 343
336 957 759
337 223 493
337 470 105
337 499 851
337 578 244
337 604 296
337 624 915
338 243 323
338 388 993
338 432 718
338 435 442
338 511 575
338 543 269
338 792 755
338 893 107
339 82 713
339 360 885
339 469 413
339 617 904
339 711 41
339 806 109
339 859 683
340 245 824
340 349 751
340 396 754
340 568 738
340 578 341
340 607 574
340 614 566
340 800 797
341 447 34
341 659 27
342 59 923
342 388 794
342 620 397
343 101 260
343 305 993
343 441 456
343 601 821
343 669 830
343 716 74
343 875 525
344 21 886
344 346 37
344 415 654
344 452 582
344 736 339
344 781 59
345 250 592
345 270 113
345 701 975
345 752 129
346 181 457
346 193 784
346 388 63
346 731 647
346 885 83
347 177 21
347 285 891
347 737 1000
348 21 167
348 202 218
348 273 365
348 284 254
348 570 619
348 654 710
349 268 483
349 433 755
349 713 507
350 460 519
350 585 10
350 652 882
350 948 590
350 988 925
351 133 998
351 547 308
351 558 385
351 789 540
351 963 619
352 500 439
352 524 824
352 693 635
352 759 776
352 939 872
353 68 121
353 367 153
353 444 133
353 504 419
353 695 946
353 831 795
353 910 511
353 918 68
354 66 381
354 402 591
354 652 165
354 772 1
354 779 447
355 193 954
355 289 40
355 321 662
355 846 668
355 865 608
355 914 118
356 32 623
356 312 830
356 315 672
356 400 732
356 489 783
356 644 107
356 647 332
357 1 512
357 93 947
357 215 399
357 281 702
357 388 824
357 591 403
357 632 69
357 960 639
358 137 583
358 504 756
358 591 210
358 763 746
358 944 304
358 978 998
359 604 15
359 644 769
359 657 959
359 997 470
360 2 34
360 74 244
360 444 781
360 612 327
360 654 105
360 700 948
360 779 698
360 807 744
360 813 244
361 438 245
361 527 528
361 591 387
361 741 901
362 558 850
362 664 510
362 687 613
362 799 722
363 400 866
363 700 835
363 749 870
363 754 674
363 796 438
363 798 593
363 859 516
364 117 512
364 267 382
364 390 139
365 391 851
365 993 336
366 101 942
366 208 14
366 574 619
366 811 193
366 855 734
366 925 373
367 74 948
367 358 211
367 394 167
367 798 219
367 841 312
367 848 615
368 528 306
368 581 320
368 707 995
368 903 563
369 38 615
369 427 581
369 630 680
369 891 929
369 962 391
369 986 772
370 316 148
370 435 792
370 543 506
371 509 855
371 527 72
371 546 543
371 737 725
372 61 430
372 120 748
372 121 763
372 453 183
372 479 505
372 839 125
372 993 700
373 404 333
373 461 35
373 559 586
373 599 660
373 910 794
374 20 622
374 148 762
374 356 880
374 577 297
374 598 631
374 651 703
374 753 171
374 973 932
375 42 32
375 356 593
375 451 305
375 577 665
375 730 661
376 12 368
376 75 528
376 131 164
376 147 874
376 322 252
376 374 620
376 396 391
376 553 239
376 592 391
376 689 465
376 719 514
376 851 176
376 961 631
376 989 684
377 520 553
377 543 708
377 601 205
378 80 807
378 239 154
378 267 103
378 327 803
378 442 844
378 653 324
378 827 638
378 891 390
378 971 378
379 94 371
379 246 213
379 395 689
380 17 125
380 54 878
380 118 21
380 134 807
380 361 249
380 584 593
380 785 721
380 794 861
381 15 699
381 53 227
381 213 41
381 240 741
381 363 296
381 467 946
381 493 514
381 735 37
381 865 904
381 931 669
382 22 1
382 61 851
382 529 628
382 694 1
382 757 581
383 56 251
383 504 598
383 728 725
383 813 394
384 302 88
384 320 71
384 512 971
385 186 972
385 247 559
385 772 904
386 704 942
386 709 913
386 968 386
387 249 53
387 392 613
387 583 626
387 642 719
387 810 126
387 977 81
388 167 38
388 268 329
388 513 811
388 755 113
389 531 948
389 628 363
389 805 924
390 16 851
390 235 95
390 318 358
390 825 965
390 983 796
391 47 936
391 464 590
391 649 493
391 993 985
392 104 95
392 235 931
392 244 863
393 629 641
393 801 357
393 950 748
394 62 709
394 103 899
394 109 593
394 169 192
394 200 420
394 324 89
394 459 494
394 850 724
395 142 982
395 218 13
395 468 811
395 609 603
395 693 37
395 907 672
396 13 974
396 79 797
396 208 676
396 443 502
396 848 223
397 223 354
397 506 733
398 12 714
398 230 945
398 306 903
398 461 271
398 575 442
398 585 70
398 625 43
398 629 288
399 301 288
399 360 204
399 364 87
399 602 829
399 689 542
399 856 938
399 899 345
400 18 758
400 33 657
400 409 629
400 557 273
401 3 388
401 101 289
401 250 945
401 468 206
401 928 906
402 23 660
402 267 381
402 481 162
402 680 168
402 823 809
403 227 967
403 481 590
403 578 336
404 2 189
404 95 625
404 593 546
404 848 295
405 173 769
405 207 62
405 581 746
405 876 529
405 895 244
406 193 285
406 316 9
406 663 97
406 692 91
407 38 47
407 228 98
407 318 824
407 404 892
407 416 574
407 448 751
407 471 576
407 884 358
407 933 387
408 92 335
408 423 696
409 14 109
409 302 908
409 546 973
409 560 160
409 579 397
409 607 333
409 915 234
411 215 785
411 618 463
411 822 614
412 127 772
412 170 656
412 404 534
412 438 310
412 590 713
413 203 263
413 264 268
413 552 910
413 629 810
413 850 739
414 80 298
414 700 983
414 722 509
414 818 849
414 861 102
414 956 784
415 47 945
415 187 746
415 448 491
415 615 92
415 718 456
415 734 191
415 738 837
416 75 53
416 98 809
416 99 475
416 594 799
416 652 635
416 762 378
416 811 851
416 947 218
417 139 181
417 247 161
417 663 5
417 712 759
417 832 183
417 870 518
418 0 557
418 320 814
418 388 47
418 768 640
419 6 341
419 294 968
419 717 443
419 813 522
420 51 853
420 133 431
420 431 767
420 911 533
421 37 883
421 170 231
421 360 836
421 751 376
421 863 43
421 885 78
422 69 574
422 188 555
422 252 328
422 355 790
422 538 236
422 585 367
422 832 619
422 967 300
423 482 202
423 749 598
423 780 69
423 927 279
424 151 555
424 276 372
424 290 531
424 454 786
424 661 257
425 34 755
425 453 927
425 478 951
425 498 955
425 516 951
425 709 859
425 734 567
425 895 271
426 223 729
426 254 990
426 341 369
426 446 752
426 471 113
426 532 692
426 790 940
426 997 413
427 570 593
427 640 617
427 643 606
427 820 315
427 851 953
427 971 84
427 977 37
427 992 650
428 419 376
428 679 642
428 708 570
429 273 921
429 392 292
429 775 435
429 910 94
429 970 806
430 102 445
430 109 864
430 235 251
430 246 422
430 339 217
431 465 4
431 783 642
431 914 976
432 50 557
432 365 818
432 412 809
432 421 875
432 453 76
432 543 710
432 855 973
432 919 136
433 144 582
433 355 991
433 783 859
433 904 17
433 953 617
434 41 813
434 69 741
434 85 605
434 109 436
434 241 397
434 404 213
434 408 919
434 545 664
434 643 78
434 670 23
434 690 710
434 717 555
434 807 401
434 808 248
435 220 255
435 294 793
435 365 982
435 460 717
435 462 12
435 481 732
435 543 61
435 617 817
435 721 410
435 852 866
435 872 29
435 930 496
436 542 676
436 675 793
436 774 779
436 813 458
436 898 238
437 145 537
437 603 476
437 662 502
438 140 116
438 153 890
438 336 104
438 476 837
439 67 307
439 330 392
439 360 400
439 361 398
439 362 843
439 431 777
439 577 23
439 818 116
439 920 501
439 927 577
440 73 454
440 151 103
440 237 648
440 272 94
440 273 455
440 640 438
440 648 327
440 749 340
440 894 687
441 357 441
441 364 335
441 538 15
441 586 313
441 851 405
441 951 521
442 4 854
442 240 241
442 551 813
442 600 329
442 635 544
442 790 443
442 880 943
443 230 778
443 328 962
443 356 999
443 520 498
443 962 410
443 985 175
444 782 191
444 979 164
445 199 604
445 302 735
445 333 894
445 853 894
446 14 420
446 48 748
446 104 702
446 424 977
446 720 200
446 808 839
447 138 29
447 252 581
447 663 105
448 388 709
448 942 772
449 143 420
449 378 964
449 587 881
449 768 659
449 862 66
449 940 443
449 984 12
450 60 585
450 337 47
450 526 724
450 607 838
451 198 773
451 279 945
451 565 324
451 607 156
451 680 320
451 830 244
452 252 669
452 539 665
452 606 800
452 646 214
452 806 452
453 104 574
453 201 454
453 243 881
453 360 729
453 501 352
453 620 20
453 692 547
453 779 728
453 842 597
454 624 561
454 627 53
454 647 325
454 937 371
454 963 775
455 147 720
455 220 537
455 313 930
455 746 288
456 142 30
456 463 200
456 503 108
457 43 210
457 163 305
457 354 134
457 583 218
457 640 133
457 759 188
458 656 655
458 778 344
459 41 397
459 209 738
459 235 405
459 320 166
459 625 696
459 730 980
459 809 424
460 838 382
460 882 916
461 9 496
461 72 747
461 818 313
462 23 393
462 132 841
462 363 590
462 382 171
462 922 616
463 282 415
463 659 800
463 662 436
464 348 974
464 700 389
464 743 647
464 950 533
465 333 842
465 366 977
465 435 264
465 464 568
465 472 515
465 513 828
465 724 288
465 970 606
466 437 561
466 506 923
466 778 428
467 32 233
467 473 107
467 480 958
467 493 460
467 581 971
467 962 19
468 861 428
468 912 934
469 164 67
469 168 226
469 320 915
469 411 35
469 625 305
469 916 381
470 1 296
470 164 602
470 249 501
470 435 654
470 524 70
470 575 374
470 588 954
470 800 452
470 982 893
471 10 139
471 175 741
471 463 88
471 793 814
471 814 739
472 657 457
472 834 102
472 943 133
473 292 222
473 381 158
473 382 342
473 410 620
473 469 331
473 514 171
473 610 987
473 937 146
474 45 158
474 644 228
474 877 433
475 188 621
475 252 335
476 601 140
476 923 951
476 992 572
477 128 93
477 148 797
477 212 221
477 397 280
477 401 517
477 816 732
478 29 12
478 398 736
478 517 560
478 601 646
478 696 170
478 700 675
478 868 892
478 994 631
479 679 87
479 686 467
479 791 93
479 925 64
480 428 175
480 610 355
480 617 101
480 651 974
480 653 250
480 688 398
480 824 46
480 853 587
480 974 411
481 31 402
481 306 865
481 422 937
481 887 227
482 39 404
482 497 265
482 732 245
482 864 690
482 983 521
483 106 756
483 335 822
483 428 711
483 557 471
483 612 241
484 447 883
484 551 797
484 605 562
484 782 460
484 811 915
484 841 409
484 906 664
485 120 634
485 170 218
485 293 77
485 577 478
485 740 313
485 864 871
486 190 538
486 489 454
486 879 713
487 163 651
487 404 903
487 691 826
487 747 378
487 807 726
487 862 671
488 90 594
488 221 518
488 299 894
489 520 545
489 899 739
489 931 374
490 26 272
490 537 105
490 804 582
491 103 815
491 198 129
491 309 618
491 342 388
491 470 942
491 686 731
491 974 748
492 125 46
492 151 360
492 183 423
492 193 934
492 584 170
492 657 782
492 722 747
492 770 68
492 845 513
493 0 273
493 15 279
493 38 214
493 40 430
493 103 64
493 554 28
493 569 691
493 622 511
494 170 881
494 282 602
494 299 925
494 453 305
494 949 822
495 156 580
495 185 106
495 413 867
495 490 485
495 531 802
495 633 489
496 27 18
496 145 230
496 203 222
496 333 48
496 399 843
496 511 776
496 831 463
496 857 45
497 121 196
497 969 235
498 212 269
498 347 423
498 593 942
498 673 991
498 743 519
498 847 128
499 257 91
499 578 615
499 853 223
500 970 772
500 971 130
501 103 932
501 264 247
501 318 333
501 345 277
501 389 692
501 402 22
501 448 45
501 774 677
501 987 444
502 11 461
502 200 603
502 397 372
502 709 905
502 849 996
503 119 283
503 361 810
503 425 267
503 887 225
503 985 533
504 236 606
504 806 526
505 357 235
505 599 790
505 681 231
505 688 163
505 809 431
506 63 908
506 196 786
506 658 316
506 873 285
506 886 312
507 331 464
507 337 1
507 383 844
507 565 222
507 721 933
507 887 303
508 51 51
508 229 550
508 374 415
508 584 516
509 190 185
509 841 961
510 71 980
510 440 595
510 966 169
511 176 941
511 617 567
511 676 959
512 166 286
512 197 683
512 220 259
512 335 632
512 539 295
512 677 760
512 830 164
513 198 740
513 280 16
513 393 947
513 514 652
513 676 881
513 829 141
513 839 833
514 122 457
514 500 658
514 718 700
514 863 803
514 978 821
515 17 474
515 570 325
515 609 438
515 626 212
515 699 920
515 877 757
515 939 813
516 6 18
516 184 450
516 189 186
516 223 1000
516 282 134
516 475 115
516 494 755
516 497 809
516 501 302
516 519 135
516 539 264
516 695 219
516 937 967
517 45 430
517 287 54
517 295 768
517 454 784
517 652 633
517 699 585
518 409 952
518 450 272
518 486 85
518 605 445
518 982 96
519 73 826
519 121 652
519 465 339
519 758 278
519 893 663
520 236 480
520 310 233
520 458 698
520 504 107
520 614 613
520 728 408
520 849 717
521 205 978
521 385 248
521 802 328
521 879 121
522 82 416
522 86 869
522 391 771
522 550 222
522 664 369
522 682 156
522 910 359
523 116 998
523 201 50
524 201 919
524 266 666
524 358 287
524 578 216
524 779 449
524 905 74
524 990 680
525 252 274
525 636 406
525 787 329
525 834 812
526 6 99
526 256 693
526 290 974
526 732 16
527 576 705
527 755 935
528 149 294
528 408 706
528 889 975
529 193 266
529 835 679
530 13 802
530 181 408
530 292 64
530 298 399
530 488 234
530 657 185
530 922 465
530 974 707
531 29 879
531 229 720
531 285 143
531 843 75
531 949 490
532 10 971
532 193 411
532 205 340
532 280 803
532 375 268
532 617 712
532 757 770
532 948 871
532 960 41
533 87 9
533 339 468
533 389 448
533 409 575
533 460 679
533 623 337
533 896 383
534 28 788
534 188 161
534 229 947
534 284 592
534 365 342
534 398 485
534 801 450
534 815 841
535 92 872
535 587 268
535 675 760
535 956 269
536 89 988
536 389 307
536 439 996
536 500 223
536 620 944
536 756 439
536 771 872
537 197 818
537 418 844
537 451 217
537 582 935
537 974 426
538 604 995
538 739 172
538 888 424
538 909 224
539 36 110
539 173 892
539 282 219
539 381 726
539 807 90
540 39 481
540 77 609
540 758 987
541 42 966
541 98 373
541 308 194
541 350 158
541 607 908
541 761 77
542 445 700
542 737 392
542 787 230
542 850 31
543 299 130
543 363 592
543 660 328
543 939 721
543 953 596
544 44 361
544 143 721
544 739 871
545 88 111
545 238 976
545 815 271
545 870 919
545 883 216
546 15 288
546 88 117
546 900 222
547 94 74
547 645 821
548 307 14
548 536 207
548 648 646
548 660 482
549 232 61
549 274 40
549 287 173
549 335 939
549 434 430
549 458 155
549 830 346
550 68 691
550 351 426
550 443 64
551 455 441
551 705 122
551 765 127
552 52 580
552 139 572
552 194 624
552 223 393
552 454 311
552 477 53
552 750 448
553 109 563
553 421 973
554 283 734
554 335 414
554 452 979
554 737 593
554 754 197
554 782 978
554 916 271
554 968 810
555 219 442
555 347 335
555 575 596
555 616 525
555 779 903
555 793 580
556 58 780
556 76 612
556 419 678
556 784 557
556 798 855
556 975 145
557 20 963
557 935 141
558 107 472
558 807 738
558 914 885
559 109 467
559 147 725
559 412 200
559 536 837
560 50 945
560 164 966
560 240 540
560 284 752
560 322 143
560 401 615
560 796 832
561 180 642
561 307 675
561 363 326
561 569 947
561 748 591
562 447 821
562 726 998
562 855 14
562 931 227
563 165 224
563 177 736
563 381 823
563 503 697
563 553 477
563 600 124
563 928 213
563 950 950
563 983 383
564 2 343
564 98 232
564 499 664
564 503 335
564 504 233
565 18 612
565 402 618
565 688 264
566 41 350
566 397 395
566 697 596
567 148 932
567 170 72
567 531 338
567 645 793
567 674 467
567 898 593
567 941 244
567 947 153
568 235 294
568 527 807
568 804 139
568 868 36
569 321 401
569 399 591
569 435 840
569 544 137
569 904 435
570 22 740
570 435 878
570 700 823
570 967 542
571 396 773
572 163 649
572 356 327
572 451 505
572 575 305
572 638 688
573 83 485
573 95 773
573 142 512
573 198 515
573 357 501
574 44 426
574 135 818
574 330 925
574 507 657
574 943 354
575 14 589
575 72 135
575 277 759
575 314 706
575 382 222
575 522 562
576 10 869
576 83 693
576 280 395
576 372 398
576 401 478
576 408 732
576 586 425
576 614 352
576 627 275
576 638 938
576 838 849
576 994 937
577 8 493
577 130 193
577 667 549
577 883 340
577 909 672
577 980 806
578 704 214
579 337 616
579 853 210
579 967 738
580 218 518
580 245 678
580 261 77
580 895 564
580 960 218
581 151 408
581 375 636
581 376 152
581 871 303
581 911 36
581 983 297
582 36 970
582 156 184
582 202 117
582 318 400
582 346 959
582 502 364
582 536 613
582 603 244
582 778 342
583 3 360
583 144 772
584 92 685
584 311 825
584 644 806
584 648 242
584 931 177
585 109 691
585 193 835
585 712 998
586 125 12
586 413 534
586 673 307
587 121 850
587 515 680
587 708 589
587 842 500
588 11 10
588 184 518
588 468 572
588 562 839
588 572 171
588 778 355
588 791 38
589 294 42
589 480 586
589 716 573
589 922 592
589 993 331
590 351 867
590 369 714
590 397 333
590 588 27
590 657 1
590 676 984
590 701 816
590 975 858
591 172 441
591 441 326
591 652 935
591 912 246
591 951 107
592 518 389
592 634 60
592 783 732
593 75 482
593 410 389
593 564 121
593 700 841
594 14 560
594 338 532
594 376 182
595 19 331
595 139 692
595 170 715
595 205 663
595 307 176
595 441 62
595 556 94
595 856 460
596 93 308
596 134 999
596 137 393
596 384 172
596 458 57
596 500 500
596 675 930
596 854 237
597 104 227
597 458 290
597 647 537
597 751 697
597 901 792
597 903 796
597 938 918
597 990 141
598 30 739
598 357 781
598 536 725
598 840 232
599 51 358
599 379 128
599 539 994
599 914 887
600 182 886
600 194 771
600 201 217
600 781 298
600 785 339
601 26 833
601 178 844
601 232 919
601 252 892
601 629 439
601 735 298
602 24 955
602 254 297
602 714 373
602 972 931
603 75 935
603 169 296
603 618 79
603 828 246
604 286 838
604 349 491
604 382 768
604 514 893
604 740 435
604 799 584
605 185 821
605 922 672
605 980 987
606 634 478
606 657 350
606 770 470
606 976 617
607 124 491
607 163 481
607 426 207
607 491 380
607 499 165
607 653 445
608 183 779
608 668 341
608 748 783
608 827 419
608 932 732
609 59 761
609 144 230
609 304 787
609 742 329
609 986 29
610 161 470
610 236 891
610 437 29
610 459 655
610 642 609
610 648 804
610 784 819
610 957 871
611 24 990
611 92 622
611 118 639
611 251 810
611 304 260
611 372 893
611 425 881
611 427 964
611 488 509
611 769 373
611 995 29
612 97 760
612 108 911
612 130 599
612 568 223
612 701 773
612 724 53
612 862 744
613 243 142
613 829 918
614 192 881
614 619 491
614 918 281
615 761 714
616 126 376
616 406 171
616 635 755
616 837 350
616 995 998
617 191 944
617 202 3
617 848 401
617 859 19
617 936 852
618 427 635
618 631 385
618 778 770
618 899 361
619 7 701
619 62 120
619 285 170
619 558 135
619 688 716
619 703 357
619 992 971
620 215 668
620 353 524
621 25 610
621 26 869
621 82 30
621 685 486
621 976 229
622 47 494
622 208 358
622 251 188
622 452 142
622 688 902
622 886 963
623 62 205
623 178 717
623 652 762
623 777 483
623 894 359
624 101 319
624 159 786
624 976 264
625 429 324
625 566 194
625 582 605
625 656 116
625 960 754
626 20 199
626 175 80
626 212 980
626 243 196
626 366 743
626 705 43
626 831 586
627 4 65
627 428 350
628 415 734
628 518 113
628 552 179
629 92 62
629 349 990
629 355 144
629 390 920
630 63 572
630 231 560
630 399 697
630 629 902
630 957 570
631 76 931
631 114 24
631 133 110
631 280 964
631 282 735
631 292 99
631 715 298
631 950 139
631 987 170
631 996 194
632 13 935
632 364 584
632 473 456
632 568 74
632 671 885
632 891 322
632 940 970
633 23 136
633 37 606
633 158 666
633 241 285
633 369 846
633 618 886
633 641 265
633 652 638
633 784 321
633 841 899
633 879 197
634 21 877
634 920 457
635 1 846
635 119 965
635 292 457
635 368 255
636 63 855
636 445 120
636 586 842
636 848 794
636 909 867
637 354 795
637 830 425
638 56 938
638 104 412
638 151 964
638 252 683
638 434 265
638 448 671
638 548 757
638 633 961
638 658 91
638 745 631
638 751 525
638 761 628
638 785 31
639 28 83
639 39 41
639 118 462
639 211 299
639 240 358
639 360 227
639 922 601
640 135 682
640 153 449
640 333 125
640 345 599
640 559 89
640 843 168
641 301 693
642 97 155
642 165 288
642 273 390
642 280 191
642 965 469
643 187 570
643 587 967
643 591 99
643 618 164
643 855 946
644 74 261
644 129 355
644 294 655
644 330 530
644 340 80
644 486 945
644 504 3
645 57 835
645 231 920
645 553 371
645 778 179
646 67 397
646 440 688
646 557 436
646 680 289
646 851 960
647 186 56
647 390 596
647 982 784
648 587 432
648 608 806
648 617 413
648 747 94
648 871 891
649 0 605
649 170 66
649 245 46
649 269 880
649 523 416
649 658 557
649 780 188
649 852 312
650 37 500
650 108 503
650 516 185
650 620 779
650 693 271
650 776 624
650 945 863
650 964 449
651 6 80
651 193 867
651 341 863
651 374 940
651 428 789
651 445 481
651 630 192
651 999 959
652 772 803
652 970 480
653 1 41
653 40 583
653 95 100
653 176 708
653 245 734
653 282 855
653 463 850
654 340 62
654 678 56
654 929 12
655 55 408
655 123 35
655 220 160
655 400 316
655 662 931
655 797 983
655 975 987
655 982 86
656 130 668
656 657 909
656 711 434
658 30 635
658 225 819
658 270 43
658 431 33
658 562 611
658 675 752
658 747 326
659 692 226
660 128 356
660 334 784
660 577 687
660 583 645
660 754 637
660 922 816
661 288 912
661 338 550
661 344 18
661 461 568
661 464 34
661 537 702
661 672 287
661 747 266
661 845 24
661 862 655
661 868 108
662 414 102
662 474 707
662 529 125
662 835 759
662 840 503
662 855 703
662 978 904
663 145 778
663 184 530
663 370 978
663 649 895
663 757 315
663 985 225
665 57 471
665 374 992
665 431 770
665 654 292
665 708 941
665 827 987
665 999 453
666 395 594
666 646 154
666 742 77
666 825 821
666 854 929
666 900 52
667 228 392
667 557 83
667 672 713
667 852 476
667 878 74
668 11 287
668 158 891
668 300 1000
668 314 680
668 458 638
668 693 745
668 809 106
669 256 396
669 418 673
669 936 317
670 85 308
670 246 385
670 307 122
670 830 175
671 299 350
671 304 843
671 338 927
671 508 187
671 858 687
671 903 368
672 10 285
672 163 725
672 275 234
672 404 487
673 80 413
673 683 952
673 824 589
673 924 965
674 131 536
674 343 713
674 374 368
674 434 380
674 627 905
674 760 255
674 788 416
675 157 768
675 180 65
675 188 397
675 286 197
675 496 287
675 708 424
675 773 395
676 72 94
676 507 855
676 638 480
676 831 984
676 973 557
677 0 137
677 424 818
677 441 68
677 668 765
677 712 661
677 758 824
677 767 805
677 785 341
677 995 249
678 326 843
678 578 485
678 587 730
678 803 807
679 342 877
679 490 131
679 532 557
680 57 375
680 406 317
680 513 659
680 664 395
680 692 764
680 886 430
680 949 861
680 962 479
681 10 698
681 83 307
681 117 782
681 186 292
681 838 399
681 949 98
682 9 956
682 61 747
682 224 174
682 291 982
682 539 278
682 833 949
683 0 199
683 478 628
683 480 584
683 646 969
684 125 228
684 205 478
684 549 935
684 608 541
684 673 63
684 676 566
685 234 900
685 358 321
685 586 801
685 751 215
685 846 499
685 955 682
686 103 77
686 298 300
686 925 691
686 996 358
687 5 165
687 133 17
687 511 156
687 513 711
687 575 282
687 968 956
688 148 256
688 439 941
689 443 615
690 81 422
690 487 807
690 590 320
690 885 200
691 772 701
692 89 203
692 224 525
692 325 176
692 429 856
692 591 303
692 924 317
693 723 102
693 918 762
694 69 774
694 118 631
694 319 89
694 454 647
694 534 157
694 549 708
694 568 17
694 969 22
695 198 281
695 252 661
695 714 6
695 833 165
695 896 682
696 575 683
696 589 754
696 724 368
696 883 291
697 692 567
697 737 557
697 747 102
697 936 330
697 970 588
698 161 859
698 255 67
698 547 177
699 19 682
700 168 460
700 204 343
700 268 56
700 968 337
700 975 648
701 6 484
701 164 790
701 192 556
701 262 969
701 524 774
701 603 743
701 661 508
701 844 778
701 935 762
701 983 778
701 998 260
702 484 303
702 563 517
702 968 320
703 25 251
703 27 267
703 89 500
703 332 711
703 483 946
703 686 438
703 697 990
703 902 266
704 55 994
704 230 50
704 669 495
704 690 592
704 766 472
704 773 938
705 315 606
705 504 223
705 510 982
705 576 31
705 642 616
705 698 156
705 788 174
705 846 595
706 74 95
706 100 113
706 296 929
706 313 17
706 325 965
706 478 479
706 578 544
707 820 838
708 60 740
708 80 683
708 272 982
708 760 20
709 50 689
709 349 724
709 513 715
709 749 842
709 786 380
710 6 453
710 45 371
710 202 658
710 360 608
710 480 375
711 17 723
711 80 47
711 120 329
711 197 917
711 403 183
711 466 10
711 654 648
712 139 168
712 222 406
712 294 161
712 385 749
712 547 931
712 586 60
712 865 965
712 975 673
713 110 390
713 205 962
713 624 439
714 5 893
714 45 373
714 72 606
714 189 400
714 215 79
714 236 148
714 265 648
714 302 877
714 670 302
714 921 323
715 99 517
715 301 518
715 424 975
715 590 12
715 858 835
715 920 863
715 933 791
715 934 483
716 311 378
716 395 778
716 948 382
716 976 351
717 38 444
717 347 710
717 868 949
718 33 355
718 38 196
718 153 776
718 190 669
718 216 586
718 348 34
718 454 92
719 63 946
719 306 31
719 325 309
719 409 194
719 462 968
719 630 923
719 658 538
720 95 642
720 203 622
720 339 334
720 594 657
721 503 495
721 675 652
722 370 942
722 403 614
722 547 653
722 608 443
723 336 49
724 51 62
724 93 301
724 169 726
724 558 404
724 761 610
724 944 393
725 162 488
725 304 715
725 692 281
725 951 360
726 290 784
726 380 636
726 666 32
726 862 518
726 983 218
727 61 549
727 280 631
727 286 524
727 631 689
729 784 86
729 870 937
729 907 128
729 953 371
730 303 806
730 371 509
730 694 884
730 981 425
731 129 565
731 234 496
731 318 800
731 371 628
731 497 243
731 571 968
731 636 445
731 673 736
731 853 811
731 918 562
731 925 540
732 13 605
732 166 958
732 484 587
732 536 678
733 267 330
733 725 852
733 781 246
734 436 754
734 971 827
735 806 382
735 865 331
735 998 520
736 42 772
736 450 91
736 549 100
736 648 100
736 662 177
737 72 563
737 82 881
737 103 212
737 235 575
737 352 722
737 444 554
737 465 358
738 460 147
738 553 54
739 17 952
739 232 976
739 461 260
739 663 146
739 957 706
740 868 237
741 449 689
741 464 368
741 525 213
742 193 436
742 704 587
742 827 330
743 205 121
743 214 364
743 379 718
743 522 455
743 617 518
743 919 353
743 995 564
744 104 320
744 114 290
744 190 407
744 203 323
744 381 542
744 563 493
745 779 263
745 851 808
745 926 290
745 969 288
746 48 918
746 73 867
746 512 672
746 623 23
747 356 47
747 367 25
747 471 753
747 644 110
747 822 493
747 935 33
748 291 146
748 374 459
748 526 325
748 687 26
748 860 407
749 76 391
749 333 337
749 418 981
749 638 365
749 740 177
750 140 104
750 229 17
750 321 940
750 527 183
750 784 670
750 983 804
751 200 508
751 487 188
751 796 961
752 148 787
752 367 846
752 450 300
752 456 628
752 482 984
752 790 161
752 937 476
753 140 89
754 60 163
754 432 649
754 543 692
754 555 989
754 938 130
754 952 368
755 66 727
755 544 908
755 575 250
756 50 462
756 234 986
756 543 543
756 621 701
756 740 682
756 916 330
757 212 301
757 227 138
757 234 616
757 447 258
757 459 896
757 467 797
757 530 966
757 624 354
758 442 878
758 759 842
758 915 35
758 999 998
759 284 173
759 839 266
760 186 752
760 647 982
761 154 826
761 248 517
761 317 300
761 582 788
761 608 564
761 765 944
761 784 936
761 816 964
762 31 806
762 39 750
762 154 224
762 448 514
762 585 750
763 16 914
763 641 418
763 647 314
763 940 427
764 184 49
764 718 104
764 967 525
765 129 312
765 210 719
765 270 137
765 287 553
765 291 965
765 531 148
765 931 982
766 289 958
766 313 411
766 660 666
766 820 503
766 990 193
767 90 192
767 162 66
767 239 725
767 314 420
768 180 146
768 229 40
768 362 928
768 528 794
768 738 117
768 917 27
769 287 240
769 322 417
769 369 192
769 419 252
770 47 139
770 276 866
770 574 894
770 975 533
771 360 489
771 366 256
771 553 634
771 688 410
771 854 815
771 988 166
772 230 337
772 714 47
772 912 385
773 147 932
773 214 668
773 277 471
773 431 683
773 562 898
773 580 58
773 857 11
774 166 834
774 190 752
774 869 789
774 957 339
775 168 887
775 221 749
775 222 109
775 923 842
776 262 930
776 325 590
776 383 971
776 550 216
777 17 181
777 494 345
777 603 327
777 842 300
778 169 968
778 187 356
778 609 22
778 632 278
778 857 163
779 24 40
779 133 360
779 216 153
779 352 663
779 549 382
779 610 210
779 642 50
780 253 681
780 328 309
780 365 671
780 521 51
780 631 407
780 692 666
780 896 886
781 118 170
781 169 779
781 187 498
781 222 639
781 239 520
781 656 533
781 710 88
781 729 844
781 863 54
782 1 228
782 234 665
782 244 572
782 694 900
783 45 15
783 173 291
783 334 652
783 594 559
783 647 254
783 726 50
783 771 844
784 254 965
784 773 301
785 171 911
785 407 877
785 533 134
785 621 574
785 651 178
785 953 940
785 991 366
786 246 10
786 590 227
786 613 898
786 647 903
786 824 172
786 978 155
787 13 2
787 537 416
788 152 951
788 216 473
788 328 58
788 371 795
788 567 774
789 60 899
789 182 419
789 283 75
789 855 485
789 870 982
790 250 57
790 452 245
790 550 157
790 656 597
790 917 110
791 156 538
791 342 412
791 408 998
791 572 636
791 868 868
792 184 830
792 209 283
792 552 504
793 696 907
793 978 837
794 114 619
794 508 508
794 544 325
794 875 271
795 18 888
795 28 701
795 185 813
795 503 102
795 528 730
795 912 504
796 92 180
796 319 966
796 439 600
796 448 472
796 590 53
797 246 270
797 569 565
797 702 293
797 900 527
797 981 179
798 131 954
798 296 354
798 334 691
798 622 573
798 696 20
798 709 446
798 869 309
799 82 429
799 420 628
799 496 50
799 952 15
800 409 775
800 412 78
800 489 979
800 593 250
800 606 82
800 617 88
800 976 275
801 100 440
801 201 280
801 376 634
801 398 117
802 79 343
802 121 597
802 297 325
802 336 231
802 365 579
802 423 52
802 767 39
802 825 822
802 987 506
803 294 29
803 482 404
803 699 736
803 883 727
803 943 953
804 168 819
804 282 241
804 415 746
804 768 949
805 679 833
805 792 238
805 855 588
805 857 635
805 941 904
806 95 382
806 517 281
806 701 806
806 812 157
806 905 981
807 569 950
808 96 512
808 470 463
808 618 116
808 629 620
808 724 683
808 905 675
809 26 77
809 147 727
809 411 472
809 563 497
809 645 951
809 675 633
809 707 454
810 26 57
810 582 535
810 722 172
810 753 960
810 866 131
811 174 191
811 252 402
811 655 521
811 753 245
812 264 318
812 285 55
812 334 174
812 365 751
812 371 674
812 470 897
812 516 571
813 2 195
813 90 43
813 567 898
813 821 738
814 171 142
814 368 646
814 500 179
814 682 94
814 742 24
814 849 877
814 976 343
815 69 18
815 205 317
815 398 706
815 681 442
815 737 324
816 81 669
816 179 988
816 218 994
816 220 56
816 412 3
816 426 31
816 748 232
816 810 34
816 891 309
817 70 994
817 176 48
817 483 451
817 527 547
817 538 615
817 746 967
817 874 861
817 954 944
818 25 543
818 213 572
818 262 580
818 599 314
818 635 738
818 673 419
819 344 905
819 523 942
819 547 153
819 579 18
819 779 258
819 887 419
820 189 954
820 230 716
820 690 281
820 789 884
821 546 94
821 857 205
822 47 504
822 557 112
822 845 633
822 961 1
822 993 958
823 39 113
823 193 916
823 308 642
823 573 995
823 652 836
823 732 967
823 801 928
823 868 159
823 997 636
824 77 909
824 149 361
824 658 354
824 803 678
824 937 859
824 974 703
825 126 1000
825 286 16
825 579 497
825 813 994
825 888 268
825 941 163
825 966 840
826 178 570
826 380 122
826 902 807
827 76 151
827 370 725
827 799 549
827 900 417
828 201 641
828 213 543
828 564 271
828 638 104
829 151 346
829 187 684
829 310 184
829 575 628
830 44 20
830 46 928
830 235 670
830 368 885
830 845 108
831 63 783
831 414 859
831 573 40
831 873 44
831 885 877
831 948 565
832 91 925
832 391 858
832 528 585
832 791 892
832 994 766
833 63 525
833 335 203
833 703 142
834 472 696
834 633 454
834 819 126
834 896 609
835 36 649
835 94 337
835 274 717
835 574 91
835 655 792
835 891 898
835 981 803
836 130 926
836 402 15
836 512 971
836 645 82
836 750 261
836 814 825
837 151 609
837 245 21
837 298 955
837 506 512
837 669 45
837 693 453
838 150 159
838 296 709
838 448 691
838 492 776
838 636 491
838 757 988
838 774 319
839 96 526
839 246 320
839 650 780
839 723 466
840 320 389
840 480 257
840 751 651
840 825 26
841 63 130
841 270 387
841 875 301
841 955 280
842 18 192
842 77 792
842 603 886
842 938 376
843 20 290
843 61 96
843 124 493
843 134 682
843 254 695
843 566 402
844 295 752
844 452 626
845 11 853
845 270 872
845 936 316
846 628 669
846 721 599
846 971 986
847 32 597
847 244 857
847 279 948
847 306 984
847 341 842
848 111 588
848 239 517
848 314 632
848 369 624
848 845 559
848 924 33
849 145 163
849 162 345
849 544 410
849 642 400
849 683 228
849 800 801
850 220 481
850 340 752
850 834 326
851 248 868
851 297 387
851 354 403
851 535 149
851 836 11
851 853 468
852 585 898
853 229 866
853 253 716
853 614 374
853 721 69
853 976 93
854 20 679
854 53 457
854 432 925
854 608 58
854 816 959
855 352 686
855 382 192
855 430 968
855 531 943
855 606 333
855 766 707
855 960 611
856 52 680
856 223 798
856 337 776
856 438 689
856 514 505
856 517 136
856 694 208
856 714 176
856 853 341
856 973 471
857 93 456
857 488 487
857 536 856
857 693 69
857 836 950
858 103 165
858 228 825
858 388 982
858 561 863
859 356 175
859 639 111
859 647 907
859 897 79
860 32 551
860 36 152
860 375 880
860 462 647
860 926 660
861 220 464
861 267 810
861 504 952
861 517 199
861 724 147
861 759 159
861 858 60
862 64 1
862 77 814
862 251 773
862 538 780
862 713 260
862 962 526
863 260 508
863 290 149
863 606 957
863 802 84
863 967 377
864 89 706
864 108 117
864 231 689
864 503 484
864 555 507
864 556 791
864 744 534
864 946 318
864 954 989
865 827 433
866 96 415
866 167 44
866 194 778
866 263 272
866 650 597
866 889 692
866 891 704
866 997 629
867 5 555
867 884 407
867 916 668
867 999 579
868 573 385
868 627 696
869 386 937
869 606 219
869 748 384
870 25 720
870 138 677
870 214 12
870 758 603
870 979 460
871 87 569
871 257 512
871 414 437
871 433 877
871 583 202
871 940 385
871 955 894
872 34 10
872 43 689
872 185 370
872 294 774
872 357 994
872 411 470
872 606 3
872 623 458
872 673 225
872 724 194
872 773 906
872 864 135
872 963 410
873 326 848
873 400 897
873 571 874
873 588 935
874 37 349
874 223 977
874 733 536
874 789 835
875 309 51
876 171 269
876 257 582
876 524 464
876 648 501
876 943 631
877 622 463
877 833 696
878 232 349
878 327 820
878 347 749
878 577 488
878 788 12
878 919 259
879 79 175
879 172 100
879 400 43
879 480 551
879 589 904
879 815 756
879 908 126
879 952 991
880 465 675
880 510 334
880 632 997
880 646 401
880 661 584
880 681 243
880 738 925
880 746 100
880 802 332
881 534 409
881 883 7
882 263 803
882 345 461
882 898 206
882 906 384
883 584 430
884 8 469
884 423 775
884 910 645
885 160 472
885 199 244
885 389 540
885 419 278
885 569 334
886 161 986
886 190 660
886 459 893
886 483 367
886 531 985
886 546 805
886 635 511
886 777 515
887 507 543
888 269 881
888 300 596
888 526 237
888 659 708
889 235 92
889 262 872
889 491 426
889 541 392
889 713 72
889 775 772
889 831 648
890 37 10
890 149 18
890 319 532
890 320 643
890 515 558
890 797 127
890 884 173
891 30 919
891 89 536
891 156 958
891 618 836
891 692 663
891 975 212
892 36 113
893 69 888
893 310 703
893 562 899
893 586 924
893 828 870
894 369 207
894 715 711
894 722 468
894 744 789
894 797 584
894 844 813
894 892 961
895 410 856
895 420 803
895 920 223
896 650 744
896 664 183
896 688 749
897 382 717
897 609 144
898 36 376
898 288 492
899 141 420
899 369 480
899 603 284
899 849 1
899 877 911
899 955 46
900 439 580
900 927 233
901 103 68
901 166 433
901 903 12
902 339 699
902 382 915
902 584 403
903 0 406
903 695 559
904 41 225
904 178 845
904 365 894
904 685 947
905 37 476
905 38 189
905 272 692
905 370 21
905 381 874
905 575 910
905 740 2
905 744 990
905 925 814
906 179 611
906 208 29
906 366 596
906 368 699
906 464 112
906 474 655
906 529 674
906 727 562
906 752 353
906 778 49
906 961 664
907 221 201
908 255 750
908 705 59
908 868 915
909 432 124
909 434 241
909 554 257
909 694 385
909 812 55
909 852 481
909 979 158
910 60 516
910 85 492
910 270 353
910 373 864
910 475 512
910 510 860
910 776 159
910 949 556
911 13 81
911 19 167
911 146 451
911 153 647
911 226 389
911 500 245
911 817 801
911 941 674
912 126 842
913 124 188
913 195 934
913 215 260
913 433 246
913 545 972
913 600 427
913 767 155
913 852 548
914 61 642
914 200 437
914 356 403
914 793 916
914 863 751
914 952 448
914 999 309
915 70 316
915 151 466
915 845 395
915 881 148
916 14 13
916 172 849
916 197 157
916 655 527
916 857 393
917 401 592
917 470 148
917 720 6
917 874 724
918 346 356
918 407 473
918 611 980
918 686 615
918 723 40
919 245 855
919 483 76
919 591 229
920 127 70
920 148 475
920 291 811
920 333 571
920 467 809
920 590 952
920 671 12
921 247 848
921 433 429
921 723 992
921 944 971
922 631 132
922 734 1
922 748 746
922 785 665
922 850 929
922 880 300
923 122 534
923 213 562
923 334 611
923 491 552
923 569 208
923 598 985
924 167 804
924 327 19
924 477 750
924 602 328
924 861 892
925 80 238
925 92 27
925 213 73
925 364 959
925 440 317
925 529 715
925 573 92
925 645 579
926 50 338
926 645 760
926 866 202
926 948 207
927 36 976
927 75 814
927 852 698
928 331 75
928 340 423
928 519 205
928 763 824
928 804 778
929 39 95
929 56 903
929 303 628
929 467 352
929 924 121
929 974 728
930 737 454
930 921 386
931 821 632
932 141 739
932 401 877
932 895 723
933 60 825
933 103 269
933 356 758
933 364 511
933 496 944
933 629 725
933 815 927
934 105 337
934 261 812
934 329 616
934 342 890
934 684 849
934 763 340
934 844 112
934 959 140
935 126 444
935 279 523
935 612 843
935 848 779
936 409 104
936 741 275
937 80 739
937 141 849
937 500 591
937 717 709
937 756 176
937 783 435
938 33 25
938 299 970
938 356 799
938 465 342
938 697 197
938 725 549
939 210 963
939 576 923
939 740 960
939 869 344
940 11 41
940 164 339
940 186 916
940 229 928
940 502 712
940 506 488
940 539 685
941 217 301
941 871 792
941 891 296
942 67 803
942 192 713
942 201 721
942 282 164
942 402 28
942 530 190
943 88 465
943 371 577
943 467 188
943 550 727
944 502 867
944 528 900
944 655 773
944 792 597
945 80 759
945 333 401
946 86 9
946 227 924
946 494 657
946 501 282
946 741 75
947 73 934
947 554 724
947 646 82
947 699 55
947 892 176
948 293 296
948 454 28
948 544 344
948 743 458
948 847 906
948 857 237
948 926 948
949 459 543
949 597 568
949 942 630
950 67 714
950 191 983
950 219 670
950 418 484
950 541 629
950 673 503
950 860 672
951 12 370
951 55 75
951 152 988
951 228 499
951 310 585
951 539 140
951 660 779
951 924 986
952 83 415
952 112 995
952 177 939
952 518 90
952 596 652
952 888 690
952 911 928
952 941 344
953 34 663
953 37 92
953 87 168
953 163 885
953 282 770
953 787 204
953 950 423
953 966 732
954 109 453
954 115 709
954 370 220
954 923 871
955 669 138
955 763 18
956 2 855
956 18 728
956 71 947
956 186 251
956 232 730
956 689 753
956 910 555
956 973 735
957 79 584
957 255 437
957 273 379
957 298 616
957 609 264
957 819 285
958 26 663
958 85 867
958 292 347
958 675 607
958 938 332
958 974 701
959 142 250
959 318 9
959 320 434
959 368 652
959 414 848
959 691 472
960 249 642
960 263 53
960 604 145
961 42 459
961 51 566
961 491 321
961 581 285
961 758 425
961 997 65
962 31 825
962 127 255
962 484 675
962 486 961
962 526 953
962 885 119
963 498 549
963 534 816
963 803 173
963 841 298
963 899 522
963 974 770
964 121 696
964 259 649
964 279 183
964 307 128
964 514 671
965 71 520
965 343 128
965 551 729
965 903 235
965 967 716
966 107 95
966 149 694
966 566 456
966 789 656
966 994 294
967 46 795
967 74 667
967 189 168
967 430 259
967 552 782
967 731 665
968 5 994
968 118 163
968 230 178
968 253 576
968 410 43
968 551 52
968 578 949
968 653 516
968 684 837
968 849 18
969 246 1000
969 310 624
969 608 152
969 736 567
970 641 200
970 773 80
970 873 134
971 426 305
971 505 441
972 212 491
972 383 231
972 893 885
972 969 774
973 419 17
973 615 386
973 624 533
973 632 467
973 764 726
974 73 78
974 114 627
974 156 802
974 187 908
974 316 364
974 701 125
975 496 900
975 524 719
975 585 952
975 746 300
975 781 96
976 314 265
976 946 78
977 112 978
977 464 367
977 484 871
977 779 466
977 918 282
977 945 308
978 555 412
978 667 594
978 673 10
978 998 288
979 430 646
979 509 425
980 2 357
980 130 215
980 444 251
980 523 178
980 572 536
980 662 297
980 672 24
981 104 892
981 310 627
981 608 170
982 305 819
982 557 759
982 884 632
982 891 213
982 896 200
982 907 251
982 983 647
983 110 697
983 652 182
984 92 789
984 158 791
984 286 245
984 805 699
985 42 169
985 52 65
985 84 821
985 103 38
985 130 121
985 608 282
986 4 651
986 135 26
986 294 861
986 926 123
986 960 696
987 168 537
988 664 420
988 738 529
988 900 675
988 925 681
988 990 840
989 165 758
989 229 634
989 503 175
989 613 270
989 643 86
989 735 747
989 855 907
990 420 668
990 645 593
990 671 491
991 388 683
991 432 222
991 583 476
991 635 667
992 204 608
992 241 261
992 396 183
992 577 280
992 841 387
993 212 226
993 364 172
993 371 49
993 405 18
993 561 70
993 914 207
993 962 677
994 121 842
994 381 725
994 391 53
995 579 808
995 784 45
995 810 900
995 885 991
996 16 74
996 205 867
996 382 876
996 612 300
996 639 189
996 686 71
996 844 511
997 402 839
997 524 674
997 604 45
997 662 85
997 888 783
997 915 992
998 46 833
998 102 848
998 256 896
998 305 752
999 172 306
999 448 875
999 823 299
999 904 131
999 959 468
