10 10
0 2 21 19 50 20 26 23 4 45 13 68
0 4 15 2 44 38 50 62 63 36 28 67
0 6 10 80 65 35 26 64 38 80 64 57
0 7 57 32 71 44 44 71 87 88 78 69
0 9 46 73 5 73 18 60 9 59 62 66
1 0 69 49 44 36 34 70 75 57 51 85
1 2 51 64 60 3 86 99 68 26 3 55
1 6 28 1 86 48 54 52 3 62 34 8
1 8 2 61 10 23 54 85 33 16 8 37
2 1 14 18 56 55 69 15 21 34 61 83
2 3 19 95 48 19 76 84 85 69 68 22
2 5 88 43 40 3 17 46 28 41 75 75
2 8 78 73 84 50 3 57 91 74 41 1
3 0 95 44 80 34 39 19 6 80 77 26
3 1 86 17 38 25 27 58 50 75 18 83
3 2 87 69 3 51 3 16 56 97 78 76
3 4 77 89 10 58 80 82 91 47 5 60
3 5 79 95 24 34 25 40 62 79 19 73
3 7 35 44 100 45 87 31 23 43 97 57
3 9 86 21 100 14 85 43 24 84 8 20
4 0 58 14 24 34 26 20 23 42 19 79
4 1 18 79 82 76 44 38 67 38 94 19
4 2 100 13 31 71 44 24 62 28 68 21
4 6 46 16 15 16 48 24 54 75 36 88
4 8 73 98 27 16 79 85 64 74 64 10
5 2 42 5 79 11 54 2 51 75 83 30
5 3 54 67 37 18 90 67 100 34 54 35
5 4 50 70 22 60 51 21 3 96 1 79
5 6 76 79 100 96 44 94 47 51 16 78
5 7 12 89 26 27 34 89 13 10 39 61
5 8 92 54 88 89 81 61 73 53 80 41
6 0 19 82 20 15 9 90 14 80 50 47
6 1 1 12 8 92 16 60 64 53 76 23
6 2 89 6 96 38 54 76 16 23 8 68
6 3 25 26 2 52 22 56 39 55 43 15
6 7 53 14 36 29 53 75 36 95 26 100
6 8 17 88 39 4 39 77 68 8 29 85
7 0 31 64 46 6 10 93 40 63 16 25
7 1 83 69 58 87 39 52 6 17 86 91
7 3 23 100 79 17 6 32 41 37 74 82
7 4 57 59 71 57 23 49 95 96 79 15
7 5 45 12 57 67 9 20 78 38 5 15
8 0 14 32 74 1 16 16 54 38 13 86
8 1 100 45 90 78 5 63 4 5 26 45
8 3 82 62 51 51 95 2 26 62 59 35
8 4 70 81 77 86 48 35 65 79 93 72
8 6 22 92 7 11 25 59 57 27 85 95
8 7 19 58 40 99 65 46 84 83 14 41
9 1 24 63 2 82 83 83 56 17 70 28
9 3 52 82 71 13 60 68 2 8 51 70
9 5 37 94 37 41 3 61 93 35 26 82
9 7 41 19 72 45 59 88 49 42 57 29
9 8 65 75 97 98 73 12 38 17 4 12
