100 10
0 8 89 70 15 7 76 64 37 14 28 3
0 57 59 76 87 19 34 15 41 25 43 18
1 80 68 58 39 74 25 46 16 15 12 44
2 46 86 57 22 3 12 85 97 13 87 17
3 8 56 40 55 89 50 78 60 91 79 75
3 87 95 98 66 11 61 83 42 12 62 10
5 29 19 12 45 61 75 11 40 48 76 25
5 84 44 31 98 95 55 91 28 57 64 11
8 54 19 78 47 24 29 2 43 43 33 88
9 36 66 94 23 8 84 60 21 6 77 2
9 64 58 32 35 33 18 54 85 76 27 24
10 21 14 47 52 82 39 28 12 47 78 70
10 30 83 9 55 38 93 95 26 71 92 70
11 12 55 9 100 60 79 6 39 32 32 26
11 33 60 35 87 47 44 32 93 82 69 60
12 18 67 76 35 22 85 90 21 18 34 12
13 17 16 32 69 82 74 5 99 29 26 72
13 70 8 72 67 46 100 60 94 63 25 32
13 78 61 74 65 74 87 39 39 5 23 57
13 91 22 41 20 20 65 18 54 38 92 26
13 93 1 57 87 22 38 82 35 39 75 36
14 80 77 45 70 96 19 1 59 32 75 8
16 8 62 87 94 15 58 1 70 53 95 59
16 34 21 91 31 53 52 80 85 20 2 71
16 53 94 18 26 54 48 98 18 52 7 58
16 92 61 39 88 28 83 54 33 26 56 66
17 19 98 52 46 96 53 47 64 15 2 9
18 67 44 61 32 2 74 7 48 79 86 16
19 65 39 53 39 85 65 98 24 98 23 41
20 80 78 51 67 8 75 35 6 42 82 35
20 91 36 27 48 79 83 53 4 82 67 73
21 14 57 37 57 15 88 4 4 74 73 20
21 73 74 84 62 89 25 47 50 55 25 85
21 91 74 100 12 97 72 93 76 55 7 35
23 82 70 16 2 63 43 87 68 72 30 46
24 43 36 18 16 35 33 24 81 84 16 30
26 31 98 38 62 9 83 18 16 64 90 100
26 32 89 92 13 43 97 41 2 71 55 100
26 36 20 34 84 99 71 3 92 57 84 65
27 60 26 13 49 6 28 87 20 90 13 44
28 19 4 94 9 2 83 40 48 38 53 56
29 10 85 70 49 44 56 13 40 95 60 32
30 29 1 58 31 88 57 49 20 33 41 48
30 89 96 52 25 1 86 54 83 86 5 57
32 13 10 8 6 78 53 96 76 38 46 49
32 56 45 34 48 68 100 29 74 84 81 73
32 69 59 50 50 93 89 99 65 39 24 25
32 95 26 82 33 50 69 76 65 22 25 62
34 86 11 28 89 4 37 91 62 11 36 40
35 1 1 99 44 71 32 66 100 44 47 33
35 27 80 96 64 42 75 40 45 56 69 94
35 28 30 69 2 12 34 76 73 69 29 56
35 43 92 48 70 34 42 37 31 98 39 70
36 45 32 64 38 4 45 77 57 13 85 56
37 14 82 19 43 94 15 51 28 65 54 8
38 35 6 15 77 89 66 56 96 60 22 80
38 45 12 57 60 84 100 35 49 10 91 22
38 50 43 92 67 69 31 67 87 66 42 64
39 34 75 28 73 58 17 24 45 85 87 6
40 90 32 15 15 63 3 6 27 52 98 33
44 26 40 15 18 31 54 62 24 92 93 75
44 32 69 65 27 87 95 100 53 46 42 24
45 85 85 15 67 52 98 47 57 26 71 81
46 2 93 10 32 44 27 2 11 39 71 61
47 19 58 5 35 17 58 60 82 73 81 52
47 54 67 75 83 75 30 38 57 76 64 61
48 10 93 62 91 69 57 65 70 55 66 5
49 54 3 2 21 62 5 25 61 42 60 47
50 48 95 51 45 12 4 98 21 38 57 71
53 15 45 65 55 55 15 2 9 36 28 97
54 70 3 71 73 70 7 45 86 24 82 38
56 3 72 37 39 58 68 5 58 74 75 54
56 35 29 23 15 58 10 25 9 20 42 76
56 50 73 25 41 100 62 85 9 65 8 80
57 13 16 34 33 8 17 96 42 57 22 1
57 38 57 14 96 90 77 19 95 46 68 69
57 46 84 27 48 63 82 11 98 89 85 96
58 62 58 83 31 77 63 63 17 16 64 36
60 6 12 76 47 98 11 9 16 24 58 23
60 86 31 46 62 30 10 65 26 61 99 90
61 12 42 26 99 74 76 63 18 69 33 81
62 84 39 65 22 79 6 54 22 29 48 1
63 0 79 8 90 1 44 90 96 56 52 84
63 13 15 60 14 60 64 68 5 39 80 71
63 50 84 52 79 77 37 40 76 14 91 84
67 53 72 32 3 28 60 97 96 9 15 37
68 20 66 67 89 22 7 4 21 20 52 18
69 9 82 30 61 10 29 27 42 25 52 80
70 96 41 22 5 12 61 46 19 12 37 83
72 68 14 83 45 61 92 78 96 37 75 39
72 75 43 53 32 50 38 29 24 95 26 19
78 12 47 1 91 81 60 14 85 28 7 91
78 74 59 32 63 72 50 87 78 38 3 28
79 37 80 57 63 53 65 73 36 20 34 19
80 86 26 100 74 15 98 72 82 25 30 39
81 45 69 91 65 31 22 63 39 59 93 16
82 61 38 40 14 61 66 92 11 66 86 25
83 86 35 68 23 28 75 17 45 35 86 13
85 64 75 92 82 7 75 56 75 51 16 69
86 32 45 11 94 16 93 30 71 25 92 80
87 41 22 43 73 38 56 11 22 6 76 53
87 98 59 4 37 57 84 58 73 30 96 80
89 96 48 93 17 85 78 68 65 22 91 53
90 46 95 55 25 85 52 90 55 10 27 70
90 63 36 84 13 8 78 32 69 68 26 99
90 81 79 95 24 22 82 62 27 27 34 41
91 6 73 66 97 87 94 76 93 18 92 31
91 56 69 58 100 47 92 62 1 49 87 22
93 1 60 51 56 88 50 60 23 54 39 73
94 36 3 37 81 31 95 95 57 3 58 52
95 91 61 90 86 41 8 97 57 11 20 50
96 78 96 9 70 30 37 58 58 57 92 91
98 31 33 67 50 56 91 39 95 6 23 35
