100 5
1 53 67 36 52 78 43
1 68 8 45 41 70 61
1 76 29 55 47 45 11
2 19 97 90 36 68 6
2 21 47 87 82 75 74
2 25 70 10 10 25 49
2 46 22 37 53 89 71
2 49 4 19 20 48 4
2 52 56 92 28 16 94
2 61 65 99 98 82 87
2 63 70 33 27 93 52
2 79 96 39 56 31 75
2 81 47 87 80 98 2
2 82 95 29 68 27 52
2 83 4 35 6 2 70
2 97 70 20 83 41 69
3 12 19 34 33 17 29
3 40 77 26 91 24 28
3 55 15 90 18 5 38
3 61 20 93 32 24 64
3 77 40 33 58 27 74
3 97 14 76 87 11 86
4 1 18 38 79 80 21
4 28 43 92 35 67 47
4 45 99 99 57 46 48
4 52 76 86 89 52 67
4 81 6 33 55 38 70
4 84 17 33 44 87 30
5 32 72 85 23 37 86
5 39 52 28 73 5 56
5 48 53 86 25 47 84
5 63 92 4 61 47 41
5 81 32 54 34 69 51
6 5 47 69 30 42 46
6 31 98 77 87 23 11
6 45 37 34 60 51 38
6 51 8 81 100 13 50
6 70 31 44 39 51 25
6 91 35 39 92 66 32
7 12 96 33 82 31 14
7 17 12 69 17 46 60
7 35 30 22 9 90 43
7 43 18 30 19 48 73
8 65 5 29 85 7 56
8 66 36 26 79 58 25
9 26 88 67 18 83 69
9 53 33 63 26 77 60
9 56 27 81 39 53 56
9 73 1 27 99 71 27
10 29 58 14 69 23 9
10 30 30 78 14 75 34
10 39 88 97 95 27 95
10 89 98 49 59 20 33
10 96 82 90 6 65 67
11 37 43 61 22 69 32
11 56 17 67 39 40 82
11 65 95 28 89 54 60
11 69 55 62 71 94 45
12 38 18 81 89 78 70
12 59 52 73 12 93 96
12 60 20 65 18 86 28
12 66 5 22 82 8 94
12 73 82 68 17 37 27
13 33 65 90 32 21 37
13 40 34 61 45 28 49
13 44 85 87 17 12 91
13 50 61 27 61 92 85
13 53 19 1 11 6 67
13 89 21 45 6 84 22
14 6 57 65 41 77 84
14 8 23 92 10 7 76
14 24 88 86 34 95 60
14 29 71 12 90 96 81
14 42 35 99 1 20 41
14 68 73 18 93 98 24
14 80 78 93 70 21 56
14 85 5 92 4 3 88
14 89 20 60 13 72 69
14 96 10 85 93 47 80
15 7 52 34 59 62 37
15 93 17 16 12 6 71
16 0 36 60 12 3 99
16 4 55 62 7 62 40
16 43 54 55 79 9 32
16 54 46 30 100 58 65
17 69 75 7 37 14 76
17 99 80 1 42 6 42
18 15 34 89 11 56 3
18 19 19 58 94 77 9
18 60 53 90 15 37 21
19 14 50 20 38 46 16
19 50 15 92 98 44 69
19 68 52 24 29 55 80
19 83 96 25 80 76 34
19 93 20 4 7 92 88
20 25 36 69 65 17 26
20 32 63 39 7 19 23
20 37 5 86 54 55 55
20 49 25 47 36 77 46
20 63 33 45 7 8 62
20 71 94 21 97 34 44
20 78 97 8 90 70 74
20 81 75 58 3 19 25
20 87 90 46 16 45 82
20 88 71 88 32 82 74
20 89 58 92 43 45 43
21 10 94 94 87 69 86
21 48 84 5 42 75 13
21 62 7 78 18 53 91
21 66 68 16 75 43 10
21 72 72 83 52 97 54
21 77 84 31 88 33 18
21 81 93 55 6 33 49
21 96 69 84 1 85 81
22 4 81 89 85 11 24
22 38 90 53 6 77 99
22 59 86 53 44 92 84
22 91 93 26 34 67 31
23 8 48 41 75 17 58
23 24 73 64 53 26 35
23 38 32 68 45 84 62
23 53 97 36 25 51 81
23 60 44 23 5 99 69
23 68 6 81 33 71 90
23 82 55 81 37 60 97
23 85 66 20 14 84 3
23 98 60 7 15 37 21
24 2 18 44 52 70 23
24 22 11 35 61 8 81
24 35 95 95 94 75 56
25 14 69 40 56 64 58
25 23 1 43 15 22 45
25 30 31 40 3 91 80
26 14 31 78 32 76 43
26 29 43 95 69 41 15
26 31 73 68 25 7 30
27 68 64 44 83 32 70
28 63 98 58 67 51 13
28 82 37 60 24 99 95
28 90 46 86 70 63 98
29 12 72 20 30 21 14
29 25 47 64 16 67 7
29 65 28 19 60 33 4
29 68 1 75 21 88 12
29 94 9 62 45 21 41
29 96 68 84 52 4 80
30 38 80 85 12 28 26
30 49 14 7 16 20 21
31 23 26 98 36 82 82
31 26 9 34 90 66 96
31 27 27 9 10 18 97
31 44 40 89 17 31 36
32 61 94 78 51 40 44
32 91 20 54 24 25 8
33 28 22 43 33 61 47
33 31 82 77 39 2 8
33 41 73 32 80 23 5
33 57 56 100 19 99 61
33 60 89 91 75 51 7
33 62 7 70 7 6 73
33 67 7 56 78 82 46
33 93 87 19 16 45 84
33 94 36 80 36 37 63
34 71 56 19 26 74 11
34 82 60 2 77 19 75
35 10 98 79 28 44 53
35 48 69 94 98 67 94
36 6 85 8 95 35 79
36 63 81 93 85 69 94
36 76 100 61 1 57 24
37 28 6 83 63 2 42
37 54 85 25 3 16 35
37 64 83 78 70 50 79
38 2 88 75 51 42 21
38 14 19 69 7 49 72
38 53 83 99 32 53 82
38 58 46 21 50 59 19
38 88 37 39 69 21 55
39 25 84 40 8 18 67
39 47 79 25 4 52 98
39 48 63 34 67 66 35
39 56 12 22 24 24 12
39 99 1 28 80 40 53
40 2 87 23 60 6 28
40 10 77 70 13 99 16
40 30 48 7 25 97 95
40 65 75 16 22 69 25
40 97 71 57 76 19 79
41 15 98 6 63 50 46
41 47 61 94 93 18 81
41 51 26 89 32 90 23
41 94 81 30 13 17 60
42 3 6 55 4 53 18
42 9 84 18 42 49 17
42 17 16 48 80 67 75
42 28 69 30 76 16 3
42 36 17 54 92 60 63
42 77 98 59 11 26 66
42 90 27 18 40 18 100
43 45 18 87 11 68 14
43 46 18 60 44 60 92
43 70 34 50 14 53 57
43 86 69 84 3 63 68
44 2 27 77 39 21 38
44 6 98 87 75 29 81
44 11 9 91 35 73 75
44 18 5 79 87 69 29
44 36 79 45 98 15 18
44 42 80 32 48 13 81
44 74 84 15 30 82 34
45 28 54 21 91 100 51
45 90 35 11 57 61 81
45 92 10 81 84 86 63
46 6 37 46 37 31 70
46 38 52 58 83 30 16
46 79 11 45 10 22 10
46 82 27 2 77 17 18
46 85 38 36 38 78 26
46 99 70 10 22 60 49
47 0 38 9 6 1 32
47 39 62 87 11 50 81
47 41 34 89 38 88 96
47 55 44 14 28 5 66
47 72 76 13 31 71 34
47 77 54 52 85 15 80
47 81 40 39 41 30 99
47 91 63 35 43 36 49
47 93 3 63 82 16 28
48 0 89 100 42 37 50
48 26 4 15 59 22 20
48 35 17 53 97 19 6
48 45 62 46 12 3 58
48 52 45 97 78 2 41
48 60 67 22 61 28 38
48 61 88 68 70 60 52
49 14 54 16 12 42 23
49 18 68 31 70 97 67
49 65 27 63 6 22 93
49 72 20 36 47 94 49
50 64 68 80 98 70 9
50 78 67 86 45 38 29
50 95 74 78 40 19 22
50 97 99 49 89 66 43
51 28 94 85 19 19 28
51 50 83 36 43 37 59
52 23 13 35 72 42 6
52 58 57 15 48 27 69
52 64 33 54 24 81 45
52 88 74 20 27 26 100
53 4 56 38 52 87 61
53 33 33 61 75 1 2
54 2 87 49 9 83 65
54 8 5 22 78 83 39
54 13 29 50 50 7 30
54 40 2 32 92 61 31
54 46 34 78 54 2 31
54 48 51 97 5 61 1
54 55 35 33 11 92 6
55 29 96 55 41 18 16
55 31 50 11 76 65 17
55 37 29 26 28 13 33
55 84 55 93 12 81 40
55 85 18 57 94 90 65
55 88 21 3 57 2 61
55 91 28 17 16 100 65
56 2 5 24 90 32 80
56 26 12 38 43 7 11
56 36 15 22 90 25 44
56 84 19 69 77 79 58
57 5 81 51 18 24 22
57 12 66 26 16 72 63
57 25 75 31 71 68 89
57 29 38 95 82 64 91
57 42 94 81 16 33 95
57 93 97 67 39 78 98
58 25 43 75 90 89 39
58 34 59 70 72 6 18
58 66 64 34 32 50 18
58 69 67 10 91 85 66
58 71 49 86 43 97 69
58 72 33 65 50 63 39
58 75 74 92 51 69 5
58 92 78 30 36 36 29
59 7 35 81 87 60 56
59 30 25 80 78 63 95
59 36 27 3 84 9 3
59 38 90 22 44 4 62
59 41 7 89 63 60 38
59 42 14 79 9 57 68
59 51 70 30 23 12 76
59 63 16 35 90 51 42
59 99 64 79 20 66 49
60 6 92 26 36 91 92
60 19 69 86 30 13 84
60 58 8 7 51 90 4
60 74 79 9 38 81 8
61 37 73 20 91 44 87
61 45 93 50 25 13 70
61 55 37 3 67 13 21
61 63 45 52 100 84 33
61 81 77 97 2 46 65
61 95 70 34 16 24 36
62 5 60 36 76 46 44
62 17 45 21 84 21 9
62 34 23 98 67 4 60
62 74 4 100 78 6 28
62 75 59 43 39 34 77
62 89 64 64 31 35 8
62 91 71 93 25 87 53
62 95 85 75 24 8 19
63 31 73 5 19 70 71
63 34 71 69 96 49 97
63 43 6 47 81 97 99
63 48 15 54 36 43 46
64 13 97 58 56 14 62
64 25 10 65 19 72 24
64 30 69 52 38 79 57
64 32 66 14 68 10 35
64 39 84 79 5 27 41
64 92 54 90 99 60 32
64 94 71 77 11 70 14
65 22 28 13 3 15 46
65 67 27 70 8 64 77
67 24 52 93 1 61 68
67 71 8 84 63 11 27
67 78 99 88 100 28 40
68 18 80 70 93 29 68
68 23 88 69 36 51 68
68 36 10 19 47 61 7
68 38 85 32 77 74 91
68 49 97 17 97 90 13
68 71 7 30 42 28 78
68 96 86 50 41 95 59
69 4 32 91 91 5 31
69 14 57 61 50 1 37
69 36 98 9 8 8 9
69 44 92 72 68 13 78
69 84 3 80 72 56 42
69 98 38 96 41 76 4
70 3 8 61 93 12 51
70 4 45 21 22 69 85
70 7 97 92 12 31 39
70 23 4 3 36 1 99
70 28 76 98 29 5 90
70 33 12 13 67 22 98
70 39 72 53 98 25 79
70 46 14 40 73 24 98
70 60 55 78 22 67 91
70 75 100 40 15 89 23
70 84 52 37 15 38 1
71 16 74 7 13 41 67
71 21 95 81 11 51 45
71 22 8 24 89 76 5
71 24 43 60 67 57 21
71 40 29 51 91 20 83
71 59 17 99 32 17 31
71 76 32 50 14 65 33
72 6 56 98 58 62 16
72 11 89 32 23 70 92
72 18 45 6 97 30 89
72 60 63 57 92 72 81
73 2 93 1 29 32 49
73 31 22 39 30 88 58
73 45 14 13 42 58 35
73 64 8 90 70 66 16
74 14 60 5 70 21 82
74 16 49 47 10 71 9
74 20 8 55 1 54 96
74 29 61 10 80 25 98
74 72 24 25 89 43 48
74 80 17 93 38 68 78
75 73 25 62 27 80 56
75 92 99 78 16 71 14
76 25 84 37 58 47 50
76 80 94 20 75 11 89
76 99 80 38 67 58 42
77 3 92 77 79 51 88
77 9 66 80 76 37 54
77 43 6 3 50 13 85
77 57 11 92 33 26 92
77 83 31 14 42 79 64
77 99 46 55 21 94 11
78 19 42 75 61 33 6
78 26 14 88 8 33 72
78 37 26 15 39 63 2
78 65 63 20 89 4 37
78 80 13 69 69 64 81
79 19 71 4 35 7 71
79 57 66 39 34 10 32
79 67 61 26 99 53 10
79 82 34 94 43 65 44
80 9 4 37 46 90 89
80 57 20 68 7 11 71
80 87 7 38 13 64 17
80 95 49 99 9 60 19
80 97 29 29 82 72 88
81 6 96 52 57 55 38
81 17 8 5 52 94 75
81 26 62 45 16 7 15
81 56 79 9 77 47 1
81 78 33 60 100 20 76
82 4 42 55 94 30 89
82 36 49 62 40 94 26
82 48 3 64 41 44 15
82 49 28 100 75 42 41
82 62 49 21 68 44 5
82 66 61 29 28 85 50
82 72 52 38 72 6 4
82 88 42 73 41 88 82
83 1 72 54 17 36 72
83 16 51 3 47 66 36
83 21 88 13 49 39 45
83 32 2 48 87 4 36
83 50 32 4 37 59 22
83 71 69 93 39 87 62
83 78 14 83 2 97 28
83 87 86 59 64 30 95
84 32 44 57 62 33 21
84 35 13 26 60 10 98
84 60 57 93 52 78 20
84 76 99 91 33 37 88
84 77 81 39 15 42 79
84 86 61 26 81 77 90
85 0 89 64 62 78 20
85 4 52 72 11 13 14
85 15 67 72 74 40 86
85 50 72 26 40 13 84
85 68 26 68 4 69 22
85 72 12 15 25 75 86
85 76 50 35 93 53 30
85 80 43 86 54 36 31
85 92 74 48 73 80 74
86 15 37 75 43 45 36
86 17 46 78 38 78 55
86 56 3 60 89 80 87
86 64 98 1 6 44 18
86 70 28 66 41 4 70
87 26 66 19 84 15 2
87 77 96 71 100 59 88
87 89 82 77 85 78 14
87 96 39 62 9 94 58
88 23 91 7 50 92 59
88 38 99 72 73 22 76
88 42 94 47 85 91 69
88 47 99 19 8 86 85
88 75 35 8 95 42 69
88 91 19 87 65 7 17
89 5 60 17 47 48 68
89 12 89 73 44 2 89
89 19 22 61 100 54 41
89 23 30 13 83 65 41
89 60 72 73 69 31 32
89 90 30 8 81 84 84
90 7 78 14 83 43 57
90 47 77 52 96 83 4
90 69 26 47 6 43 97
90 83 34 55 32 44 26
90 88 5 25 51 42 43
91 16 61 99 34 73 1
91 17 74 97 7 93 84
91 52 6 6 12 55 48
91 76 93 79 51 61 78
91 82 23 9 94 100 57
92 2 78 96 80 31 12
92 10 37 49 65 68 59
92 52 38 27 2 54 7
92 75 16 48 7 3 90
92 84 82 37 6 67 20
92 97 73 3 59 82 15
93 4 74 15 91 81 27
93 28 1 35 86 26 8
93 58 63 53 82 28 81
93 90 14 64 38 38 51
93 91 85 18 82 85 94
94 54 85 9 1 70 34
94 76 46 32 41 59 99
94 90 29 44 52 88 39
95 33 71 68 17 55 59
95 34 58 96 54 21 20
95 74 19 31 3 80 22
96 21 57 92 50 6 81
96 36 53 54 43 31 28
96 48 66 78 81 95 15
96 64 28 80 66 43 52
96 93 52 87 85 57 100
97 13 2 19 65 68 93
97 22 99 40 2 85 46
97 23 18 24 15 35 16
97 26 49 45 42 7 24
97 62 48 28 70 28 27
97 68 93 42 4 71 20
97 70 15 18 70 93 12
97 76 43 66 99 100 12
97 77 39 42 64 97 47
97 80 24 93 15 54 8
98 4 81 26 96 82 20
98 5 42 72 29 72 59
98 24 69 44 50 4 7
98 26 70 23 64 45 4
99 17 52 97 24 15 19
