1000 10
0 396 685 664 414 500 74 36 824 842 141 954
0 476 279 898 565 849 805 918 942 469 157 148
0 893 33 193 504 475 73 941 26 990 385 68
2 76 160 891 469 988 1000 675 549 476 438 705
2 368 276 29 478 102 830 338 628 355 542 857
2 510 251 266 773 719 19 944 918 992 355 713
2 710 488 927 310 328 755 717 303 35 814 667
3 876 363 295 747 939 516 571 127 620 712 645
3 921 513 498 76 534 614 192 648 519 488 472
4 353 173 954 307 915 608 935 437 299 530 343
5 884 908 728 216 216 917 549 908 678 907 517
6 627 361 935 131 461 645 899 996 621 381 762
6 775 705 775 403 306 233 333 787 531 250 500
8 275 248 972 210 888 656 27 856 46 9 916
9 798 283 432 31 265 441 769 395 652 618 834
10 262 298 271 884 800 6 502 437 212 640 812
10 357 123 505 845 467 620 337 295 770 440 873
12 220 124 526 637 249 913 889 845 688 922 869
14 199 806 766 435 546 520 928 760 576 244 998
14 592 393 173 342 131 32 292 708 355 478 553
14 832 899 726 406 142 234 714 158 943 18 92
17 817 645 902 57 800 900 830 889 142 687 69
18 471 303 920 284 698 150 549 208 181 730 380
19 275 944 686 859 203 886 234 901 882 702 569
20 608 782 732 51 136 512 960 364 363 735 508
24 231 868 45 749 816 673 92 456 431 718 842
25 931 16 974 328 917 761 374 406 353 906 292
26 28 390 492 362 662 12 138 419 875 374 794
26 743 287 372 812 15 130 605 490 797 18 861
27 799 672 151 191 355 697 791 868 282 917 686
29 41 961 354 918 890 87 583 779 1 592 5
29 618 776 778 896 287 665 889 52 285 470 934
30 345 484 494 441 487 899 578 556 182 924 517
30 799 683 496 492 707 173 670 696 523 691 447
30 870 181 726 31 675 362 637 520 334 455 8
31 649 389 546 773 446 570 213 992 936 336 526
32 404 591 150 420 490 96 473 967 835 68 43
34 668 553 429 509 628 173 392 779 920 478 678
34 913 705 475 811 194 313 139 25 522 240 436
35 179 614 327 613 183 642 300 571 294 907 129
38 605 219 71 595 846 180 193 23 340 170 992
38 612 576 998 612 174 917 257 120 40 418 706
39 825 516 981 457 223 331 589 549 528 161 847
41 660 513 295 229 628 985 544 983 311 659 42
43 76 125 869 285 407 131 898 501 369 611 404
43 140 43 645 229 526 667 447 850 363 149 465
44 106 442 815 993 667 649 340 669 198 188 736
46 232 62 567 356 64 101 38 813 814 704 791
46 590 98 95 71 856 264 203 852 504 99 413
47 616 72 641 101 235 227 835 831 927 116 605
47 650 692 907 720 725 701 438 54 481 21 112
49 445 195 958 474 359 935 333 100 806 864 849
49 490 639 779 222 218 921 488 660 246 788 702
51 988 561 866 230 750 785 13 413 204 488 492
53 225 688 213 664 182 605 117 601 695 685 829
53 725 456 866 637 559 896 928 435 530 49 793
54 368 507 575 168 334 384 701 965 770 927 316
55 153 972 665 771 479 436 589 281 579 73 39
56 987 385 525 227 115 671 133 714 205 8 714
57 834 302 337 317 127 327 68 351 919 169 748
58 315 76 949 267 911 611 611 237 294 915 7
58 724 833 947 193 9 420 775 688 831 513 26
59 816 753 73 80 25 353 661 509 29 699 17
61 420 363 27 570 615 197 449 154 924 496 231
61 427 304 733 555 334 103 731 454 177 151 620
61 704 136 832 546 725 325 720 451 576 772 697
62 812 277 476 299 551 809 796 285 178 553 845
63 185 827 164 431 880 643 760 114 741 924 619
63 220 846 926 12 917 144 549 424 899 658 679
63 518 885 48 330 400 536 465 315 900 693 917
64 712 703 12 439 152 129 435 500 967 519 937
66 45 559 413 336 408 682 117 70 255 323 533
67 228 154 555 999 957 89 139 710 525 73 312
67 530 804 94 875 219 13 307 203 784 848 753
68 790 507 321 904 674 811 79 977 685 428 426
71 813 919 412 819 391 338 85 944 410 264 890
71 974 9 4 449 567 806 526 142 20 621 170
72 495 134 522 577 511 700 404 191 216 892 178
73 751 86 113 753 353 632 129 514 970 825 114
73 841 394 212 101 669 184 65 897 234 911 835
74 723 662 190 633 43 251 37 902 567 700 681
74 784 55 424 307 620 989 70 361 427 890 129
74 790 459 274 106 700 148 922 420 401 756 404
75 233 609 287 174 731 64 945 136 509 805 107
77 17 299 111 111 827 623 78 347 790 768 207
77 829 840 699 714 524 126 959 358 368 662 621
81 442 107 948 481 448 26 471 436 981 284 280
81 624 622 20 539 718 656 673 185 563 137 846
82 552 412 156 400 414 463 480 464 503 819 443
84 447 215 907 171 860 208 683 164 750 892 937
86 626 111 964 278 542 630 752 19 817 208 867
87 179 489 843 202 957 819 305 116 366 494 605
87 732 993 586 900 245 387 282 648 125 935 766
87 831 698 575 635 790 329 377 189 988 685 157
87 954 596 162 15 283 572 878 321 105 962 598
90 456 506 552 840 122 756 740 899 208 545 413
91 899 396 661 166 704 765 345 416 406 733 87
92 445 392 241 180 240 984 953 762 818 415 130
92 876 102 344 532 25 908 308 159 169 546 991
94 314 182 172 636 158 148 363 699 34 475 473
95 990 377 83 838 388 252 576 582 305 453 330
96 744 804 998 757 841 840 310 149 675 432 780
96 750 815 710 645 718 723 867 822 691 162 697
98 933 331 640 946 792 603 428 795 244 761 968
99 187 188 154 396 430 441 417 171 546 95 732
99 368 771 144 231 797 767 217 620 598 859 171
99 571 237 821 631 777 576 886 999 976 813 353
101 89 277 67 888 805 593 593 138 353 915 941
102 626 491 970 448 639 958 181 502 219 245 395
103 8 681 828 171 354 773 476 118 602 562 931
105 263 254 401 442 243 104 863 310 326 617 968
105 368 186 877 212 748 956 127 258 727 362 398
106 168 223 980 487 720 504 151 231 187 571 594
107 788 542 484 109 429 846 450 767 476 685 61
108 777 592 940 262 329 572 898 743 118 246 339
109 489 843 596 682 8 989 608 750 475 531 511
111 599 200 216 76 415 930 350 174 174 206 251
111 954 896 621 933 918 114 375 258 51 531 464
113 550 554 210 530 190 66 114 513 112 299 14
116 474 955 449 316 499 480 762 118 772 719 71
116 723 381 596 292 518 317 12 526 154 827 914
117 157 110 292 576 700 972 182 211 888 549 613
118 664 287 543 724 994 864 533 724 411 991 988
119 95 628 104 455 114 62 494 30 183 891 278
119 560 586 116 792 401 562 258 209 764 424 46
120 952 179 395 988 568 935 978 391 675 315 771
122 147 820 753 944 264 302 552 561 789 75 41
122 210 814 103 187 452 337 823 134 899 430 187
125 276 833 70 938 2 844 558 749 543 755 813
126 543 846 69 74 868 105 360 681 498 55 118
130 359 940 568 661 494 215 211 213 958 668 999
132 635 318 540 412 311 59 394 96 558 525 366
133 89 553 510 181 635 537 805 785 531 952 306
135 181 191 835 791 686 474 63 715 887 619 10
135 213 860 435 518 338 887 936 990 888 254 741
137 536 762 862 889 929 157 876 692 541 885 872
140 881 558 872 822 791 434 938 232 768 244 710
140 988 640 940 37 212 585 931 830 884 378 993
141 525 671 9 257 409 350 672 728 167 594 349
142 336 385 441 521 185 89 255 948 428 425 293
144 24 465 396 881 336 289 293 662 790 601 94
144 937 306 374 802 532 979 4 64 350 250 97
144 971 277 10 29 191 742 242 793 854 362 354
145 774 297 831 678 406 739 613 592 538 897 119
147 78 760 148 957 558 323 488 645 781 736 109
147 240 634 428 2 239 432 338 870 558 868 524
149 831 116 426 375 394 569 744 851 754 515 905
149 973 889 843 73 712 585 793 400 850 427 828
151 927 86 76 963 76 812 14 986 894 999 96
152 208 775 541 980 796 883 641 940 351 74 301
152 441 717 930 15 245 859 273 403 595 230 664
153 829 361 479 371 817 299 730 398 11 61 173
154 91 86 141 824 547 678 303 986 988 216 742
154 119 252 785 20 233 528 894 145 588 442 851
155 615 831 823 338 272 756 121 333 449 347 345
157 571 703 100 653 612 260 35 10 621 684 10
158 461 197 934 631 54 963 693 388 570 335 817
158 850 931 852 791 947 54 267 820 426 142 353
159 558 834 673 437 67 672 861 322 711 479 483
159 633 8 764 556 31 894 858 811 954 862 122
160 187 585 392 914 257 623 949 392 64 120 133
162 52 867 898 6 264 209 249 907 602 322 922
162 415 556 169 12 335 823 886 467 462 964 453
163 792 891 781 463 659 823 262 758 566 192 91
163 916 604 941 691 396 590 919 225 414 881 745
164 117 173 23 699 717 101 909 157 670 350 958
164 786 97 491 354 135 832 556 153 515 406 400
165 53 181 573 351 310 603 346 616 660 316 746
165 541 597 142 379 900 485 559 645 996 385 361
165 849 814 566 642 242 661 906 709 393 15 763
166 352 532 409 241 70 718 290 60 894 78 996
168 441 157 34 534 507 650 629 922 481 767 129
168 458 533 107 515 871 583 759 250 486 107 611
169 743 678 172 210 734 957 275 585 962 403 213
169 793 634 760 936 270 443 971 607 986 304 620
171 345 214 636 166 531 242 824 881 592 71 922
171 999 450 31 617 71 392 872 994 140 193 162
172 59 277 809 577 121 107 852 5 440 630 246
173 353 748 436 801 853 606 713 792 820 762 151
173 878 990 125 494 305 735 119 78 824 509 372
173 971 255 106 312 387 93 803 787 466 365 812
176 385 258 91 266 693 335 421 790 802 218 639
177 194 717 124 264 990 901 463 414 711 57 163
178 759 285 23 259 353 595 962 104 902 122 514
178 845 252 486 515 711 632 297 620 148 5 478
178 930 657 975 534 925 317 520 282 3 933 455
180 805 247 726 581 358 709 175 183 634 534 201
183 313 827 542 976 887 458 953 923 907 749 468
183 466 411 387 475 485 715 1000 98 268 338 650
184 82 203 284 846 754 456 485 992 815 861 130
184 242 724 19 291 57 280 733 728 146 487 803
184 375 967 650 151 271 675 787 911 808 360 383
187 879 573 352 672 1000 298 101 319 903 891 270
187 997 162 827 556 944 779 229 900 37 212 586
188 52 745 328 304 781 856 1 747 828 814 100
192 811 743 430 267 947 215 567 653 681 715 946
193 707 232 699 854 52 410 434 570 566 57 226
194 173 392 246 947 219 867 719 599 114 555 310
197 103 825 531 644 767 453 422 737 102 222 565
197 461 567 397 109 395 733 196 611 510 875 177
198 80 436 628 962 850 224 288 913 787 888 571
198 445 176 519 320 847 248 573 788 187 932 205
198 962 805 297 586 457 264 546 256 847 737 738
199 827 189 302 311 979 525 502 325 635 617 977
200 174 431 222 962 126 20 409 892 896 885 981
200 700 563 878 723 70 563 588 656 518 864 442
201 272 975 781 622 650 597 555 239 821 957 760
201 392 652 363 929 992 829 795 973 926 361 750
204 69 719 901 646 642 601 175 557 728 616 41
205 453 416 783 861 528 648 383 73 878 906 411
209 424 315 921 153 453 495 869 397 938 303 192
209 501 822 552 825 672 145 749 413 156 41 525
212 969 287 751 194 796 712 111 485 525 855 332
213 92 21 860 361 392 757 52 837 66 842 585
213 749 650 419 833 180 478 367 605 222 604 509
214 132 11 913 707 968 638 738 934 453 430 220
214 314 854 298 593 435 949 3 781 610 921 761
214 520 516 755 898 36 841 406 477 143 238 631
216 370 904 886 570 571 640 264 365 225 21 984
217 385 920 218 598 354 184 116 390 866 168 18
217 666 932 508 664 6 953 482 23 260 133 905
218 612 617 319 94 76 913 17 549 82 668 778
220 228 380 295 790 273 140 27 87 318 574 7
220 964 768 510 125 415 196 751 469 826 763 280
221 855 291 571 842 50 313 315 543 387 574 602
222 79 614 240 119 37 499 225 694 267 142 163
222 677 614 55 300 276 656 919 786 674 803 535
224 645 187 776 363 852 430 351 788 91 885 922
225 906 954 479 569 601 352 448 746 93 436 153
227 285 924 130 914 937 981 998 191 958 684 650
227 557 494 996 746 720 928 191 829 385 896 131
227 702 174 525 164 443 762 805 765 914 326 569
227 918 891 147 761 939 341 173 829 620 913 693
228 814 592 187 161 97 77 521 58 117 864 433
228 925 153 991 367 283 713 823 105 471 386 489
228 974 163 351 880 961 884 929 794 535 914 605
229 824 447 920 500 4 251 292 528 586 25 862
231 89 380 468 914 716 752 197 279 933 889 839
231 599 39 559 891 774 7 104 87 585 710 915
231 649 540 15 886 98 802 326 294 384 997 769
231 789 91 596 477 134 992 739 657 285 920 239
232 89 731 543 758 174 810 68 811 521 870 609
233 24 111 365 490 636 876 939 67 311 430 58
233 702 986 841 369 95 388 922 360 822 779 854
233 833 249 462 917 390 959 909 428 840 660 927
234 630 803 653 988 227 158 298 991 107 836 343
234 955 714 219 177 928 210 68 642 257 897 63
235 138 946 462 445 402 261 689 145 966 51 802
236 67 170 865 400 271 749 119 255 527 492 818
236 487 86 546 280 128 636 643 710 308 297 924
237 938 803 215 69 847 379 553 279 52 986 13
238 749 122 246 153 364 572 468 621 974 685 766
238 952 632 212 327 72 502 26 937 779 397 498
239 776 790 532 674 44 27 808 359 40 478 912
242 657 620 348 282 136 870 592 196 986 936 870
245 58 927 993 118 34 789 372 283 104 551 755
245 728 520 575 483 215 855 985 692 197 182 919
245 991 712 637 989 588 483 424 728 662 101 346
246 173 395 755 136 319 914 470 979 439 75 811
246 794 661 225 785 469 135 89 262 363 318 377
248 3 913 12 395 702 199 595 263 391 882 382
249 978 16 279 947 970 691 663 906 177 182 795
250 206 462 75 535 50 993 620 991 932 903 201
252 125 194 249 706 601 718 691 970 822 790 399
253 874 25 386 907 494 280 85 170 896 155 758
254 299 294 674 640 723 773 456 837 13 942 116
255 88 669 16 780 718 136 59 711 278 39 761
255 208 279 678 403 371 676 728 290 262 801 561
256 99 602 412 402 498 590 394 644 238 759 186
257 159 221 756 65 135 99 692 516 473 319 164
257 527 598 731 448 262 849 455 741 186 861 938
258 144 22 797 189 845 102 298 739 500 183 857
258 245 935 343 950 966 401 937 531 533 800 898
259 399 656 528 854 669 934 313 632 15 344 606
259 405 1 805 595 83 944 478 552 291 693 561
262 490 935 174 92 912 518 319 860 656 963 802
262 493 367 591 303 585 473 176 8 795 501 780
263 534 787 903 209 283 574 468 297 746 977 54
264 942 813 93 732 34 253 216 203 860 640 658
265 622 289 917 693 961 86 22 252 348 774 391
267 20 455 111 545 55 205 135 814 69 894 329
268 254 163 836 20 59 7 398 446 326 481 522
270 213 552 780 337 930 683 204 453 836 493 147
271 738 730 237 982 546 37 705 611 625 216 45
272 997 930 910 789 132 569 247 323 841 425 208
274 102 150 958 219 52 770 106 578 701 711 822
276 810 461 795 705 321 415 7 353 425 944 542
277 409 726 280 264 853 425 447 248 740 162 782
278 299 320 832 235 173 463 556 688 916 238 854
280 441 175 108 182 459 246 698 452 351 733 774
281 574 268 773 63 183 687 496 129 848 674 65
282 290 21 212 374 58 426 95 452 609 184 538
283 696 530 329 704 478 75 435 722 487 992 569
285 144 634 702 98 606 4 588 711 109 62 858
285 931 594 621 447 266 222 154 470 751 877 567
286 31 567 385 392 818 551 583 913 994 518 778
286 641 807 357 561 431 77 802 124 445 912 204
287 53 327 448 907 649 139 564 272 616 643 641
287 874 360 825 240 144 833 690 1 436 114 24
288 66 163 866 289 418 751 494 957 538 361 511
288 181 140 611 503 583 985 528 149 230 415 695
288 230 433 914 614 81 67 336 123 980 812 283
290 386 820 473 624 998 124 3 659 17 476 200
290 679 688 1000 296 152 19 647 777 642 581 909
291 769 363 529 822 702 456 507 573 457 729 104
291 898 623 34 150 731 503 902 5 734 822 160
292 135 995 516 336 251 307 470 404 160 874 825
292 565 607 809 730 326 628 966 734 945 155 766
294 643 129 360 531 562 40 573 448 569 728 36
294 759 627 248 287 965 974 502 880 557 822 950
295 705 632 855 521 150 147 124 837 344 923 983
296 926 21 771 475 233 230 361 633 980 625 859
296 947 747 974 272 810 182 79 866 595 470 817
296 988 46 124 952 667 463 450 46 691 263 129
302 281 940 659 866 815 402 181 119 948 946 651
303 292 214 789 783 524 853 500 253 338 140 182
305 184 811 316 101 507 12 268 632 914 435 131
305 596 985 527 508 256 728 832 668 494 197 937
305 674 616 955 514 426 255 396 827 432 558 123
306 933 481 381 606 158 136 501 344 940 996 233
306 961 908 984 733 30 649 551 75 282 659 51
307 558 521 87 165 813 834 339 800 913 746 729
310 127 996 128 414 286 578 598 971 481 455 534
311 261 398 618 1000 578 828 774 477 921 917 441
311 821 910 987 27 443 781 347 4 631 752 987
312 164 711 62 314 317 476 949 909 166 175 964
312 382 158 949 280 729 408 513 269 975 317 764
313 25 135 1 465 33 171 740 142 716 10 554
315 235 847 964 345 515 441 314 244 208 241 301
315 521 65 917 655 696 362 775 645 447 823 748
317 622 1000 387 510 995 196 597 601 172 568 436
317 949 584 831 472 475 555 406 715 453 72 458
320 789 25 905 945 539 996 678 175 21 231 377
321 539 318 797 600 73 113 84 587 310 158 283
321 801 329 9 223 731 724 8 600 809 321 86
322 189 479 845 898 721 62 472 314 732 125 935
322 379 946 867 475 239 339 989 892 960 171 602
323 155 345 190 186 342 162 233 648 210 700 82
324 289 774 220 18 910 638 34 26 601 183 190
327 250 244 187 521 869 572 558 67 969 216 262
327 952 367 988 905 634 54 510 94 875 633 55
328 386 80 98 359 944 134 771 540 202 37 229
328 998 529 227 752 181 551 959 884 228 257 689
330 286 54 716 718 99 687 311 841 908 782 530
331 348 238 763 954 494 224 774 709 713 21 895
332 990 763 320 678 494 207 703 585 857 565 248
333 90 116 181 218 752 94 873 736 491 262 801
333 107 653 40 662 576 652 277 915 26 344 742
333 635 888 494 1000 63 447 36 511 76 379 766
333 798 419 307 2 739 363 339 598 94 426 787
335 80 581 894 900 161 44 72 267 195 124 679
335 832 254 288 503 421 103 629 428 141 460 868
335 931 424 424 682 860 177 760 781 544 357 346
336 153 923 314 81 423 589 946 508 650 879 955
336 279 348 296 388 515 200 517 845 433 160 13
336 740 39 715 418 693 374 908 721 905 948 90
337 37 866 42 702 383 451 759 680 790 587 620
337 285 764 308 194 769 604 294 477 181 252 643
337 764 678 184 324 60 915 275 389 978 324 182
337 947 386 359 353 351 892 7 102 575 500 456
338 810 118 369 649 375 196 730 133 339 431 313
340 823 385 504 427 385 860 377 17 735 478 538
342 902 955 896 543 605 814 496 85 85 729 964
345 183 627 688 715 863 210 449 702 413 336 390
345 579 266 197 532 560 807 229 826 714 625 611
347 924 282 151 25 801 473 278 588 852 335 702
348 719 485 756 818 556 606 321 59 563 936 58
349 154 646 744 34 688 288 428 13 303 969 934
350 601 835 643 40 831 443 770 796 559 585 763
352 270 351 894 454 911 672 417 333 413 168 316
353 570 567 82 571 916 809 937 340 896 311 198
353 656 964 427 516 339 48 668 752 172 681 230
353 807 752 139 413 676 739 172 141 125 639 433
355 851 221 301 261 433 453 680 109 478 561 642
356 705 349 751 277 385 689 207 579 353 373 101
357 621 373 794 979 731 785 817 329 181 63 544
358 458 361 998 736 432 510 171 647 151 347 665
361 526 446 831 787 531 518 910 7 966 829 108
364 553 798 290 781 579 917 386 746 559 648 727
364 577 78 406 60 241 344 664 461 540 623 633
364 744 580 691 653 744 224 319 511 538 333 126
365 109 884 577 790 889 655 871 112 190 464 725
366 830 686 759 262 777 493 215 815 390 631 289
367 47 714 994 468 835 427 1 281 933 839 727
367 270 190 136 506 429 561 761 725 875 235 526
371 963 975 854 396 52 642 302 360 719 995 453
375 98 222 967 316 398 216 871 512 256 349 87
375 467 758 203 948 349 313 374 892 444 172 882
375 713 106 679 728 109 407 240 821 177 580 592
377 21 28 84 978 216 685 497 148 258 977 372
378 11 440 546 121 374 792 378 616 466 604 185
378 689 977 10 712 474 685 72 405 763 64 121
379 806 378 665 521 732 188 262 258 253 716 612
379 889 589 339 24 106 181 29 456 338 142 275
380 193 695 562 899 12 155 559 160 402 48 760
380 948 873 330 359 812 635 744 601 430 377 394
380 969 751 130 543 730 559 508 937 248 353 13
381 96 731 191 239 576 196 990 96 168 49 326
381 655 541 669 117 99 312 418 591 588 533 850
383 828 753 304 731 2 807 602 789 617 377 803
383 853 155 635 292 311 348 291 264 490 651 326
384 37 320 504 478 481 272 993 972 64 109 300
384 849 785 459 466 958 244 625 365 64 847 721
384 991 505 442 498 597 687 106 862 492 501 310
385 619 879 53 559 171 558 806 887 218 945 227
385 704 244 390 882 81 605 559 361 580 709 55
385 780 910 474 199 251 776 209 395 382 52 178
386 487 980 654 61 433 868 494 471 516 343 967
387 66 132 153 237 663 867 530 715 568 569 723
387 129 264 525 937 223 879 354 642 397 656 186
387 768 951 806 961 936 873 810 82 518 415 112
388 48 463 802 435 459 381 557 42 840 624 81
388 668 8 939 390 207 582 655 192 582 755 179
389 147 116 4 210 424 263 240 597 146 338 263
389 280 551 17 842 623 933 573 865 188 440 643
389 482 316 740 734 466 895 308 899 12 905 406
389 662 198 575 289 219 942 577 67 625 703 345
391 557 12 412 621 930 94 644 820 349 149 583
391 717 864 251 178 35 403 39 615 328 362 740
392 346 779 605 190 50 378 481 376 604 444 813
392 953 346 594 214 310 649 332 432 888 692 560
393 264 472 899 6 478 898 164 322 855 556 971
394 46 388 998 144 978 770 639 428 730 265 562
397 179 734 236 962 263 801 194 208 68 41 390
398 542 386 452 244 838 992 345 895 81 84 527
400 608 633 567 598 720 288 266 635 70 78 812
401 594 511 935 443 705 100 289 668 770 143 162
401 595 971 7 531 211 509 121 797 876 159 879
404 262 812 493 653 520 945 580 280 27 663 555
404 432 570 394 128 37 272 93 944 758 290 800
404 817 680 816 838 502 150 104 337 628 543 600
405 180 701 342 587 633 911 837 412 693 577 51
408 157 394 326 558 566 356 996 222 539 978 10
408 546 530 703 908 563 885 702 832 174 255 120
408 947 927 686 887 311 250 675 806 686 699 421
409 417 992 381 442 459 430 585 623 566 331 457
410 520 511 806 655 622 750 359 423 825 483 117
413 57 648 321 82 147 372 995 80 668 391 673
413 592 961 306 501 260 356 629 357 633 628 434
413 936 653 623 7 435 337 383 698 877 555 616
414 882 769 54 580 820 467 284 668 430 502 48
414 983 921 46 680 480 686 371 381 742 299 252
416 262 600 427 246 737 148 704 145 776 540 894
417 197 108 40 698 58 735 520 559 614 826 655
418 789 619 325 751 460 994 332 205 529 656 779
421 879 77 214 958 540 787 544 776 350 803 381
422 709 913 146 897 526 97 147 441 57 842 536
422 763 843 406 469 747 107 662 874 640 205 832
422 783 214 822 303 42 213 620 33 642 42 702
422 807 905 195 392 744 899 266 230 728 383 433
423 129 628 397 752 875 540 361 151 199 302 757
424 689 820 839 884 940 192 299 342 667 612 596
425 967 457 484 271 383 445 946 257 678 743 168
426 234 985 165 309 607 401 386 834 86 845 131
428 741 777 448 474 953 851 139 505 330 69 806
430 158 596 927 67 897 233 640 862 96 364 823
430 457 834 530 199 273 377 989 6 534 272 665
440 737 433 527 840 117 493 694 888 702 17 948
441 885 779 565 352 478 699 645 269 988 67 620
443 295 691 14 475 148 685 636 921 26 946 271
445 186 866 828 847 910 746 903 298 831 24 890
450 993 156 15 165 720 16 739 947 935 70 825
453 545 588 168 468 939 159 145 300 940 697 845
453 578 10 315 104 246 564 827 189 849 747 652
453 600 642 99 345 739 29 415 351 73 483 814
457 851 526 451 728 214 684 438 777 410 495 127
458 565 795 758 561 944 15 499 340 25 354 218
458 972 222 454 88 731 697 844 246 964 956 514
462 460 695 207 940 325 841 422 715 306 291 580
463 663 913 881 319 60 785 354 925 191 406 202
463 725 144 504 508 597 619 533 817 196 757 287
464 992 850 330 377 299 738 105 969 442 716 406
465 679 709 636 625 755 938 478 482 403 110 777
466 897 910 234 910 408 998 447 994 882 892 278
470 171 482 292 267 673 493 98 13 121 18 315
471 169 797 831 457 978 10 485 703 319 177 118
473 246 751 843 400 596 690 912 385 747 998 604
474 471 777 725 779 22 492 409 656 786 576 419
476 854 708 712 789 424 552 346 379 878 642 3
477 600 337 547 968 791 586 472 126 318 683 239
477 780 122 664 192 579 693 697 334 291 654 69
478 215 366 106 2 461 3 78 741 953 381 616
479 205 143 1000 997 745 530 621 197 371 782 721
479 541 476 813 970 835 795 45 738 460 363 227
479 701 906 373 478 255 554 114 698 286 931 233
482 64 660 782 582 818 175 375 405 211 154 459
482 641 286 725 572 119 827 909 887 55 725 474
483 47 505 199 853 8 284 722 235 719 440 989
483 592 307 605 1 939 846 918 172 697 940 549
484 572 231 578 312 994 203 717 907 162 32 545
484 978 751 191 780 844 290 588 963 526 448 12
485 904 470 942 135 290 332 174 803 310 290 398
486 707 456 971 84 782 767 656 612 638 633 629
487 192 926 296 287 946 338 690 511 947 924 259
490 34 615 243 445 963 633 644 438 484 113 298
490 747 831 501 657 365 827 186 48 324 207 987
491 781 650 539 210 684 474 966 785 827 189 361
491 935 26 119 403 950 173 31 280 280 227 442
492 210 602 49 572 887 949 801 256 196 388 252
494 67 360 458 421 160 17 776 47 379 141 68
496 792 894 105 211 493 644 895 511 198 281 272
496 814 732 411 607 56 254 196 49 615 926 669
497 213 403 465 724 829 626 523 42 646 64 773
497 887 535 612 186 450 549 239 652 703 840 560
498 551 188 40 206 177 682 193 174 30 814 620
500 815 828 168 932 142 303 855 162 10 589 336
501 289 232 557 191 793 666 955 678 286 807 534
502 272 118 648 775 778 212 88 386 103 18 276
504 831 232 491 383 144 703 638 394 342 516 826
512 194 705 775 453 800 905 397 854 441 350 216
515 963 595 51 10 405 168 610 414 996 937 994
517 151 966 893 708 936 146 351 840 853 243 108
518 898 3 877 487 708 579 802 590 247 296 77
520 340 614 348 983 221 817 387 533 39 399 5
520 387 577 61 809 649 541 480 249 146 248 970
522 51 364 41 103 418 708 704 501 535 613 595
525 55 19 533 100 998 665 820 703 138 582 263
526 430 935 683 4 112 881 157 59 124 528 698
526 539 121 206 981 42 300 974 659 250 709 135
526 937 502 98 508 594 856 585 161 364 772 552
527 932 326 366 825 41 131 161 38 879 365 457
528 915 868 443 522 615 293 123 342 718 995 27
530 237 253 540 667 46 895 71 686 645 58 137
531 87 745 136 711 975 461 708 652 816 552 839
531 147 675 252 56 444 240 598 809 186 90 747
532 101 110 155 77 294 252 517 106 962 573 528
532 652 783 539 35 113 295 860 443 355 743 814
533 881 756 141 750 22 49 143 947 880 640 872
534 685 673 437 496 879 117 17 974 655 183 671
535 60 969 598 295 451 293 207 163 344 813 568
535 481 262 545 267 939 12 674 384 939 87 325
536 776 647 310 305 716 769 861 830 717 551 163
536 960 550 628 428 291 507 846 320 457 573 488
537 386 750 605 572 380 734 106 85 405 668 337
537 902 535 314 195 581 769 330 151 520 834 697
538 960 97 154 420 755 516 764 651 59 529 509
539 822 737 880 598 711 119 252 436 848 494 332
540 132 356 156 810 811 277 807 785 198 133 276
540 550 510 483 682 361 733 87 616 811 338 837
540 587 429 906 272 469 642 121 160 938 131 81
541 185 694 924 354 210 479 538 984 262 20 311
543 135 106 654 717 519 381 450 958 90 987 114
544 435 644 988 553 721 503 179 747 318 496 532
544 493 251 39 689 963 578 95 406 726 294 597
546 480 932 472 951 725 459 35 876 660 9 775
547 496 842 351 98 883 695 779 766 972 692 551
547 818 565 982 512 954 775 642 847 626 503 698
557 726 434 665 804 268 10 536 767 460 726 434
557 795 659 480 563 539 58 203 465 265 796 919
558 957 405 232 539 985 390 826 815 175 423 60
559 903 722 953 538 328 995 982 325 539 769 531
560 955 879 167 210 1000 473 29 901 782 628 930
562 696 181 385 136 611 393 319 390 702 979 444
562 993 440 281 857 134 302 855 174 890 687 814
563 428 657 704 947 400 983 245 805 312 240 696
564 448 177 718 445 319 124 116 818 351 759 232
572 358 3 289 957 157 109 196 331 677 953 958
573 393 217 978 808 112 870 995 584 181 695 889
573 666 969 92 255 774 959 382 531 360 724 237
573 743 589 641 97 585 390 817 804 908 803 817
574 359 590 626 564 831 680 464 926 296 447 533
575 41 841 220 700 250 445 218 166 689 627 593
575 823 837 701 277 589 360 204 303 112 690 97
577 894 617 209 132 36 842 731 745 877 135 868
578 791 871 778 258 940 204 318 366 108 765 220
579 470 559 551 659 450 249 9 105 27 858 745
582 653 672 832 301 69 125 566 702 47 56 393
583 74 834 362 864 481 409 135 30 455 814 388
585 121 826 733 482 562 939 303 306 871 914 634
592 761 767 958 507 87 48 274 849 803 431 319
593 401 20 166 62 239 134 578 178 313 36 206
594 50 186 43 458 889 367 247 670 169 416 412
594 499 846 468 260 280 402 336 101 518 390 50
595 278 721 484 204 77 582 72 437 289 974 497
595 393 950 141 337 820 531 817 657 208 853 154
596 854 908 575 952 241 789 276 596 440 298 591
598 537 600 837 372 496 189 793 380 592 931 997
598 643 357 295 703 515 134 342 815 627 392 229
600 595 440 131 668 497 302 686 64 795 198 217
601 606 296 736 610 313 269 401 12 839 420 367
606 486 338 115 434 24 216 651 350 770 527 737
606 659 662 351 868 267 443 538 918 186 951 451
608 824 727 609 680 811 1 384 15 696 493 368
609 592 81 283 673 503 992 983 645 315 144 649
611 156 871 378 283 618 620 723 587 147 323 262
611 741 80 521 165 457 275 835 796 636 927 885
611 934 803 139 857 136 183 260 436 736 507 823
613 470 639 222 192 25 345 163 833 4 115 920
613 579 86 103 432 768 224 895 580 720 253 232
614 92 108 192 579 153 314 9 169 986 933 500
615 675 12 861 581 618 803 263 978 268 762 49
615 704 120 554 645 225 954 614 796 591 308 794
615 901 461 340 449 235 87 7 262 995 417 361
616 291 482 854 913 595 5 128 623 789 461 280
617 502 636 989 218 996 647 382 800 474 70 476
618 65 536 929 388 714 418 336 303 776 372 732
621 31 114 689 726 280 140 738 677 189 313 192
621 812 527 718 122 615 961 72 506 131 468 85
622 784 932 933 567 482 47 225 415 264 658 46
624 11 128 54 689 919 769 898 982 390 402 325
624 275 809 133 370 270 130 785 610 801 125 778
624 722 34 613 958 374 599 462 904 471 132 826
626 203 766 98 872 619 17 407 759 668 735 140
627 259 923 898 816 977 809 279 53 676 121 158
628 899 409 948 7 243 224 98 204 229 566 687
629 803 29 154 152 333 406 458 569 152 259 987
629 808 168 10 605 814 372 636 219 297 239 974
631 547 298 145 13 475 608 176 491 655 985 459
631 821 318 989 20 10 45 515 348 615 308 143
632 698 273 69 504 634 896 62 717 827 65 818
632 772 680 96 513 960 838 878 423 236 818 897
634 260 766 737 906 489 664 722 8 388 486 279
635 607 944 402 635 110 381 912 149 924 518 617
636 185 270 283 339 496 146 931 472 431 828 93
636 203 882 256 943 65 668 783 626 642 671 428
636 877 134 537 726 399 726 875 561 312 116 625
638 875 141 962 7 520 743 828 426 464 9 760
639 465 964 992 78 872 636 60 279 783 769 795
639 751 682 949 938 21 676 736 889 644 717 127
639 852 141 778 349 64 485 817 821 162 909 401
640 518 376 200 773 807 573 282 382 389 533 666
645 108 700 305 23 378 136 886 784 670 361 329
647 660 925 310 564 631 184 122 139 348 716 310
648 753 914 856 634 465 790 879 742 470 36 763
650 611 332 174 368 786 632 427 825 891 388 978
650 756 364 937 71 324 554 351 627 331 29 696
651 9 336 935 743 99 601 177 910 426 221 259
652 235 182 161 968 948 491 992 510 235 251 113
652 309 381 769 548 966 192 329 320 135 315 700
652 446 374 648 970 379 285 884 999 169 505 400
653 230 85 820 92 745 876 898 295 610 360 447
653 628 99 639 893 460 191 486 470 747 551 259
653 948 399 396 984 45 682 537 690 257 916 527
656 960 90 320 845 538 948 385 389 562 238 713
657 481 347 179 525 804 970 304 943 588 660 872
658 296 89 362 891 614 724 826 704 810 384 364
658 645 496 354 801 247 931 992 42 155 683 116
659 81 60 422 444 507 365 244 835 252 349 394
659 573 179 898 662 994 849 992 884 324 673 558
660 617 883 780 19 799 314 110 627 684 710 793
661 110 202 223 519 765 53 703 158 995 482 493
661 579 223 575 561 119 688 296 52 733 326 786
664 408 205 181 570 291 354 256 633 567 460 742
664 765 504 87 103 805 388 38 193 811 962 336
667 356 636 153 927 262 714 355 922 602 277 419
668 129 311 253 129 720 417 597 886 450 963 906
668 435 967 607 593 887 1 421 56 11 202 994
668 898 199 580 583 360 609 6 367 770 377 107
669 748 934 655 130 131 845 683 674 571 145 2
673 733 902 378 636 594 528 100 429 365 75 433
674 264 817 18 596 323 325 374 295 669 680 716
675 959 207 882 684 895 64 57 613 408 565 231
676 870 582 915 630 16 7 501 358 490 496 216
677 179 971 697 983 598 464 889 10 264 434 530
677 433 821 253 186 581 787 272 676 939 916 423
677 599 42 755 395 179 654 305 857 988 44 980
677 653 445 676 359 907 579 996 849 916 695 330
677 824 726 657 673 349 157 569 508 802 567 474
678 96 981 124 895 800 667 370 612 87 605 741
679 725 828 624 605 380 329 765 892 627 521 144
680 293 658 88 325 824 273 60 911 460 41 481
684 228 851 623 978 54 695 390 558 405 856 223
686 554 449 247 517 593 949 435 59 903 949 614
686 696 101 586 416 520 164 109 327 214 831 59
687 114 786 438 4 349 468 729 770 547 576 120
688 868 563 8 619 303 186 882 611 548 497 132
690 208 240 508 587 980 345 189 335 650 65 490
691 940 504 504 746 405 762 62 50 105 73 515
692 5 373 315 136 8 105 19 144 684 976 791
692 19 525 750 613 80 55 503 307 596 585 508
693 61 436 496 233 561 26 569 706 131 729 687
693 887 462 548 567 861 6 677 788 665 689 569
693 999 784 421 567 572 692 593 757 997 533 705
694 181 289 427 898 775 902 962 13 512 591 68
694 765 306 93 199 686 646 46 292 182 149 446
694 808 184 701 7 225 208 939 221 887 465 301
695 599 711 486 757 949 279 956 904 142 688 374
695 985 105 895 379 231 352 963 475 985 100 850
696 818 296 733 592 924 502 608 813 240 782 715
698 76 22 936 608 754 104 96 713 651 603 284
699 845 571 321 956 316 918 639 682 982 596 133
701 27 341 72 361 226 684 161 272 929 30 397
701 582 71 109 899 272 965 203 531 923 394 821
702 509 19 499 166 418 861 864 118 18 362 306
702 959 757 745 330 951 944 132 774 84 982 303
703 752 337 67 117 44 521 780 165 538 138 124
704 264 929 875 726 649 311 335 842 233 855 662
705 223 961 585 685 394 200 691 977 507 51 581
705 503 215 902 490 377 195 762 2 111 48 719
707 519 216 926 634 809 335 965 879 781 385 455
710 778 262 473 760 825 337 435 705 343 682 83
712 800 698 436 58 200 855 114 714 998 449 361
713 8 588 92 906 784 341 924 865 407 190 244
714 294 489 907 907 61 324 122 230 422 776 924
719 130 906 641 915 455 132 943 447 840 168 580
719 571 370 171 179 95 348 58 878 903 411 627
719 619 956 655 300 556 460 928 223 759 370 36
722 819 408 209 519 691 115 535 442 824 299 839
724 741 628 850 26 880 281 485 405 253 791 422
724 884 888 247 294 168 467 942 787 282 912 560
725 623 171 818 86 854 172 112 471 482 158 630
729 685 584 937 737 546 107 805 493 610 506 764
730 798 369 319 455 428 345 615 28 462 604 207
731 299 910 391 454 799 358 572 690 491 755 27
732 267 227 653 857 100 308 736 320 368 517 235
732 878 334 864 197 277 396 200 617 378 338 807
733 572 348 406 418 271 794 651 11 390 812 130
734 508 530 645 795 460 230 749 373 663 665 822
743 196 77 243 268 617 247 738 646 811 146 348
746 429 614 846 421 623 149 337 730 11 427 505
747 454 974 182 62 324 624 931 980 606 680 853
749 172 848 318 876 253 407 135 701 880 827 646
750 914 447 971 710 323 611 142 933 822 357 336
750 986 946 35 499 91 370 91 95 665 993 662
751 251 106 793 493 630 567 579 12 989 372 724
751 879 924 464 374 457 260 197 346 275 557 412
753 767 456 102 669 946 66 914 6 409 878 531
757 835 210 372 799 707 971 178 374 887 934 282
759 764 675 30 109 522 354 229 991 889 979 381
762 699 260 39 579 198 516 236 672 591 234 634
763 400 185 115 364 693 573 569 655 568 935 26
764 494 905 555 798 739 147 502 488 847 554 944
765 789 452 250 1000 203 878 598 52 738 769 621
766 470 220 326 318 454 757 100 502 879 217 302
766 761 38 962 874 340 171 772 262 16 413 589
767 986 483 387 671 26 980 479 627 929 77 197
768 311 902 33 159 968 322 890 884 803 202 265
769 435 249 940 238 830 246 997 47 733 473 399
769 835 788 193 419 334 647 761 852 829 854 330
769 956 628 835 497 507 629 160 992 170 593 702
770 806 331 43 578 256 674 15 967 93 499 940
774 268 563 301 281 331 281 530 638 842 407 295
774 399 309 138 446 858 603 487 406 684 108 673
774 984 24 211 465 278 474 85 247 157 62 480
775 812 190 381 180 938 716 462 776 116 654 117
778 0 365 329 968 24 814 526 861 664 560 617
778 890 60 945 64 502 842 151 623 585 389 627
779 172 508 173 363 745 513 278 721 958 456 476
780 113 262 643 586 411 981 876 986 347 654 393
780 278 670 851 791 786 33 51 473 901 695 622
780 637 795 680 365 299 416 656 941 903 565 122
783 72 459 223 678 405 93 721 157 850 615 644
783 582 208 140 88 706 68 864 269 161 858 27
785 253 404 363 154 921 571 382 464 956 636 467
789 580 855 492 835 856 522 108 899 236 319 431
791 487 359 106 310 552 573 146 118 399 954 74
793 181 640 407 936 130 177 273 43 583 560 998
795 615 816 569 458 634 63 93 198 783 387 58
796 308 799 710 745 896 44 257 447 114 12 700
797 916 236 162 902 90 668 865 811 838 311 424
799 806 730 672 758 245 314 692 750 991 652 131
799 963 903 562 974 83 786 343 366 656 728 479
801 434 542 91 313 381 398 375 210 933 133 991
802 876 22 199 681 504 201 432 206 121 480 425
803 303 69 342 781 772 890 758 740 512 199 911
803 843 378 178 686 306 122 690 705 341 305 632
804 539 536 673 412 324 479 782 488 992 223 683
806 242 811 135 674 658 283 617 339 20 284 896
806 341 250 295 479 779 819 800 320 213 829 729
806 455 235 147 31 788 359 474 333 727 906 170
806 575 689 741 632 601 307 2 984 257 723 44
808 221 241 263 7 374 140 809 468 867 519 800
808 473 695 169 492 542 268 701 362 250 61 352
808 629 62 179 679 944 266 559 461 822 355 538
809 596 396 704 681 823 55 326 48 363 195 585
809 858 870 554 337 799 623 513 297 579 977 675
810 618 173 348 367 117 7 259 695 164 10 175
811 507 662 378 54 605 500 320 48 45 176 550
812 578 259 889 429 115 265 878 477 425 77 420
812 843 548 882 222 625 311 146 55 878 793 673
815 426 917 979 485 757 117 659 941 569 169 618
817 106 835 646 997 124 796 197 668 782 900 248
818 313 513 935 893 276 134 346 324 142 908 972
818 387 88 18 731 582 25 182 855 132 496 781
820 223 628 176 798 838 882 317 261 953 167 226
820 590 913 471 895 395 64 555 992 48 367 484
822 942 68 519 570 829 269 712 331 324 326 611
823 385 137 293 942 433 264 735 518 832 659 853
824 649 955 816 535 497 341 650 835 983 879 705
824 992 371 850 865 748 916 405 663 738 780 146
825 458 871 396 723 104 543 965 7 351 745 113
825 547 67 712 322 872 952 727 628 975 686 666
826 26 615 531 283 370 454 267 809 276 993 137
826 139 496 807 460 196 276 610 277 378 751 811
828 26 898 640 976 928 959 812 322 578 978 606
828 496 76 455 269 20 588 564 218 133 27 632
828 540 929 401 690 884 332 659 784 605 842 220
831 637 106 442 364 105 886 993 196 191 331 315
832 81 348 758 236 23 131 209 326 165 173 385
836 774 639 2 964 901 671 177 955 119 150 763
837 638 502 153 410 735 379 247 16 625 35 691
838 24 600 533 901 493 559 36 2 494 940 45
839 621 529 734 470 120 766 702 209 151 173 50
839 977 620 560 454 445 274 659 240 439 438 93
840 217 565 836 467 460 146 631 140 679 810 289
842 213 681 641 407 383 851 46 934 443 787 71
843 777 458 808 547 373 929 380 494 665 207 515
844 206 424 978 343 291 556 72 495 722 252 118
844 296 97 133 524 66 777 444 661 188 209 354
845 7 183 727 307 199 358 950 5 90 371 219
846 703 609 839 487 212 533 307 432 444 613 11
850 577 685 629 816 461 441 739 223 379 951 826
850 931 290 26 457 211 62 979 614 426 364 679
854 347 842 24 914 338 881 891 244 162 254 325
854 645 876 774 8 281 745 507 845 819 524 189
854 674 78 274 51 435 235 199 320 235 118 267
855 138 71 29 399 716 692 701 913 679 371 510
855 701 496 447 89 51 957 770 408 141 2 381
855 928 61 412 702 835 38 99 387 952 734 72
856 198 943 482 222 722 859 892 842 319 417 835
857 849 81 63 457 546 311 366 269 271 301 388
859 645 986 246 758 746 586 54 883 782 454 848
859 823 498 145 312 561 837 96 972 116 460 226
860 775 737 475 58 874 915 791 836 293 537 155
860 893 389 924 735 977 834 686 315 824 993 470
861 10 344 753 325 207 228 689 289 782 454 989
863 289 248 13 537 324 726 950 564 11 64 959
864 135 804 762 377 480 804 263 933 214 774 825
865 793 567 130 457 926 695 602 607 473 975 611
870 268 656 697 567 284 531 953 960 684 919 319
870 631 690 399 69 514 497 690 389 263 555 111
871 958 614 532 665 101 588 933 648 106 67 948
872 290 576 533 414 590 396 447 26 452 856 280
872 834 165 117 381 900 430 125 130 840 149 552
874 763 992 224 101 868 956 232 356 928 655 37
875 480 672 960 604 970 332 672 165 625 123 26
875 531 399 365 481 329 545 44 161 917 493 594
875 620 188 465 39 964 286 777 164 610 493 342
876 170 117 355 261 499 475 327 751 977 456 159
877 742 640 757 549 965 486 918 788 415 211 854
877 756 86 480 303 914 413 887 859 373 250 560
878 753 591 860 681 483 861 432 180 264 196 252
880 546 822 435 285 933 980 313 127 105 472 42
880 822 414 854 765 944 561 112 802 348 910 673
880 958 236 834 925 694 788 348 262 852 939 470
882 290 806 292 282 287 846 558 268 445 757 125
883 780 137 660 195 198 29 74 537 31 678 292
885 943 473 861 619 598 916 777 445 353 11 699
889 817 587 402 867 680 316 204 301 58 527 323
890 245 223 900 386 787 830 89 864 618 104 47
891 905 254 879 759 344 316 587 142 930 778 318
893 909 90 224 313 930 857 426 914 899 566 262
896 764 195 570 559 883 149 157 584 657 725 894
897 52 844 559 6 691 125 880 515 492 293 107
898 952 868 18 853 414 579 247 67 402 928 144
900 478 184 452 155 748 821 608 313 706 268 146
902 294 405 975 804 666 99 643 76 558 890 326
902 592 627 591 296 272 539 339 969 874 758 539
904 861 262 121 523 733 728 36 598 133 359 602
904 865 427 806 587 165 23 237 500 447 996 298
905 824 605 995 260 691 830 458 736 403 432 911
908 366 424 467 968 323 630 908 676 977 540 911
908 454 845 526 949 964 356 260 204 458 119 237
909 388 517 430 977 292 477 659 459 261 172 397
910 660 951 734 825 331 437 865 68 729 742 394
911 349 254 622 296 641 389 397 539 887 311 6
912 0 347 409 593 737 446 136 779 725 812 444
913 892 368 144 449 87 603 720 61 295 522 994
914 156 58 903 756 74 848 911 257 46 688 646
915 70 169 63 405 12 760 18 284 97 11 959
915 586 15 302 667 437 950 776 950 177 945 427
916 190 42 655 580 370 886 788 514 640 607 801
916 576 79 21 705 189 166 442 873 390 468 634
917 85 511 991 593 278 828 297 554 839 710 594
917 144 275 597 859 440 16 685 7 580 932 981
917 270 28 106 601 268 238 502 234 860 597 502
921 219 266 621 120 768 226 790 474 764 313 839
924 8 352 203 860 548 198 840 844 703 577 46
924 486 335 157 488 298 668 817 158 260 91 8
926 512 90 531 99 880 102 899 845 471 602 113
926 579 125 609 564 149 758 230 903 252 945 976
926 605 623 407 404 467 933 539 763 554 969 962
927 8 226 709 897 262 972 369 477 694 267 712
928 547 266 391 23 910 286 17 740 743 275 649
928 588 226 361 783 581 748 372 473 636 299 540
930 186 395 558 398 303 819 516 955 350 522 514
931 912 792 71 795 767 970 946 600 483 923 63
933 22 322 780 732 328 247 793 301 209 250 906
933 36 316 150 563 15 281 973 594 988 988 561
935 79 757 643 229 591 911 971 614 228 877 654
935 154 762 54 362 450 867 795 70 438 637 634
935 332 340 640 243 87 391 85 269 789 662 215
937 468 454 957 476 215 36 277 696 766 186 570
937 495 288 590 215 980 741 338 637 410 989 647
939 124 942 60 600 404 348 177 198 837 357 763
940 240 404 528 433 932 863 16 472 511 766 601
940 355 17 163 332 457 16 149 188 761 816 123
940 902 330 53 319 787 868 653 175 264 922 929
943 885 239 785 421 32 693 484 164 59 773 687
944 660 114 99 963 568 780 665 43 144 967 834
945 304 948 839 344 332 323 295 1 513 615 803
945 522 600 189 230 999 776 414 608 787 945 434
947 745 3 159 528 663 429 660 834 966 279 378
948 300 941 87 856 216 219 856 748 845 202 294
950 71 331 483 531 703 558 622 424 536 294 245
951 748 567 308 420 617 457 588 127 717 263 877
953 642 635 157 585 226 86 654 791 260 867 753
953 758 744 479 20 730 895 12 574 670 562 468
953 786 359 133 64 69 656 988 464 705 200 563
955 508 377 997 134 980 641 370 13 35 519 599
955 799 538 680 627 805 166 197 612 551 301 301
955 966 761 688 430 533 353 97 366 917 158 522
955 995 871 672 622 102 31 376 309 635 11 802
956 138 29 943 364 107 324 716 678 60 793 494
959 2 596 727 828 775 333 876 375 96 359 747
959 327 739 258 9 722 389 890 938 970 56 86
960 642 56 360 22 869 7 854 939 524 389 709
962 292 22 169 715 49 663 703 511 525 935 455
962 450 923 704 647 669 50 986 128 937 641 831
962 491 496 941 676 661 365 534 641 616 948 91
962 792 885 257 462 905 814 895 273 25 732 942
963 226 489 796 228 856 724 702 356 214 138 254
965 392 528 102 9 310 883 873 101 411 685 188
966 493 7 851 524 783 698 544 855 789 988 900
967 40 87 113 663 918 67 725 417 454 574 348
974 379 860 377 814 620 882 262 71 167 698 857
974 725 798 622 837 97 230 898 992 855 833 560
977 433 164 719 94 256 13 447 259 205 164 819
978 244 94 363 866 746 304 551 833 566 1000 491
979 843 395 213 445 967 918 541 751 31 353 183
980 695 91 722 992 23 480 927 684 529 95 228
981 582 820 593 50 640 426 904 738 283 452 645
982 679 815 187 198 916 807 259 794 445 728 358
985 494 95 962 546 493 674 278 277 205 93 945
987 702 341 565 802 339 799 371 909 446 868 924
987 714 813 930 777 578 413 964 124 556 554 696
987 856 1 954 868 71 965 563 927 979 46 972
989 334 541 364 731 993 910 641 882 439 548 972
989 838 880 166 208 828 836 715 34 786 458 176
990 525 123 776 952 460 90 43 371 937 803 989
991 309 367 557 423 850 994 2 663 956 563 181
993 864 342 761 497 789 618 576 238 242 426 833
995 26 777 172 343 703 418 928 198 751 835 392
995 521 169 594 595 158 95 225 379 669 878 966
996 775 652 164 267 107 968 26 753 608 204 668
997 903 171 939 963 594 967 376 504 570 746 88
998 812 346 828 711 546 521 685 201 513 502 600
999 317 268 668 689 211 262 461 398 630 817 772
