100 10
0 19 5 2 8 7 2 6 6 2 7 8
0 22 2 10 4 3 7 7 8 7 6 7
0 25 9 1 4 1 4 7 3 4 2 1
0 27 8 7 3 4 1 2 6 9 3 7
0 34 9 9 10 9 10 3 6 8 9 10
0 45 9 6 9 1 8 8 10 5 6 3
0 46 10 7 8 8 6 7 3 5 5 7
0 55 10 1 3 8 1 5 2 5 9 2
0 57 4 1 6 4 5 3 3 1 8 6
0 65 8 1 8 1 3 8 8 3 8 1
0 76 6 6 9 7 4 5 9 1 2 10
0 82 1 2 3 10 3 4 2 2 3 10
0 84 4 3 9 5 1 4 4 9 2 8
0 90 10 3 6 1 4 3 1 6 4 5
0 93 9 3 7 5 3 5 3 3 8 8
0 98 7 4 6 4 4 1 8 8 3 10
0 99 10 4 9 4 6 5 2 7 9 10
1 35 3 3 7 2 4 5 8 4 4 4
1 39 10 9 6 8 5 6 6 7 8 7
1 64 7 8 8 10 1 10 8 4 9 10
1 97 2 6 9 3 3 9 1 3 10 1
2 12 9 3 4 8 7 6 4 1 7 1
2 68 1 6 4 5 6 10 1 3 6 3
2 69 5 9 1 6 8 8 7 9 10 1
2 92 6 8 3 10 2 3 6 3 10 10
3 0 10 9 10 4 1 1 7 8 4 1
3 13 6 5 10 10 4 9 10 3 6 10
3 20 1 7 6 5 4 7 7 4 2 9
3 23 4 8 9 4 8 8 7 1 9 8
3 34 8 5 2 5 4 10 5 1 1 4
3 43 7 2 5 6 3 3 8 4 2 7
3 65 7 10 10 9 7 8 3 3 3 3
3 74 6 4 2 10 7 5 5 7 1 7
3 81 8 3 3 2 6 8 1 7 5 4
3 82 8 4 1 8 3 4 1 3 3 1
3 85 6 10 7 4 4 10 6 3 4 2
3 90 6 5 4 4 3 8 7 4 9 3
4 1 5 6 6 7 2 8 3 5 9 8
4 18 3 10 10 10 10 1 6 10 8 3
4 25 6 7 5 9 2 6 2 4 7 4
4 37 3 6 6 9 10 6 10 2 4 1
4 52 3 9 9 5 10 7 4 7 8 2
4 56 6 2 4 6 7 7 5 9 1 6
4 68 1 1 9 5 8 6 6 2 6 8
4 73 9 10 9 1 10 3 7 7 6 7
4 76 1 7 1 1 5 4 1 2 7 8
4 78 5 2 2 1 4 1 7 1 6 3
4 81 1 7 6 4 10 7 9 7 4 9
4 85 4 4 8 2 8 4 4 4 6 6
4 92 9 7 10 1 10 4 7 6 1 4
4 97 6 10 9 10 1 7 6 5 4 1
5 3 6 7 5 3 1 7 7 2 4 6
5 6 5 5 9 10 8 1 9 3 4 7
5 12 1 9 2 4 1 10 5 2 9 10
5 27 2 9 8 6 10 7 2 10 4 6
5 32 5 2 8 8 3 4 4 7 6 3
5 42 7 8 10 5 1 9 5 3 3 4
5 65 4 10 6 7 10 6 3 8 6 1
5 75 7 7 10 6 8 6 2 7 7 1
5 92 1 6 3 10 8 5 9 7 5 7
6 1 7 8 6 3 6 4 1 10 7 9
6 44 7 1 3 2 3 5 1 4 4 8
6 63 4 2 6 6 6 4 3 1 4 3
6 70 8 7 2 6 2 5 8 1 3 4
6 79 9 6 3 8 2 1 1 6 2 1
6 92 1 3 9 3 2 7 6 3 7 8
7 2 8 1 2 10 9 7 2 3 4 10
7 11 1 6 9 3 8 7 5 3 1 5
7 14 8 7 4 5 4 8 10 8 9 1
7 20 5 6 2 1 9 3 9 5 6 10
7 26 4 3 7 2 6 6 7 7 3 2
7 52 10 2 5 5 9 6 9 4 7 5
7 59 5 3 6 4 6 3 2 5 6 6
7 75 1 3 9 6 6 2 9 2 7 9
7 84 9 2 5 7 6 7 8 10 1 3
7 85 8 6 9 3 10 3 6 10 6 4
8 1 10 10 9 10 4 5 7 8 4 4
8 3 5 2 4 3 4 4 4 3 7 1
8 39 4 3 4 1 10 2 8 4 10 9
8 56 7 1 7 4 6 9 1 2 4 1
8 58 4 7 9 10 4 10 7 9 7 10
8 94 8 6 7 8 3 10 5 9 6 8
9 2 2 3 3 6 5 10 1 8 1 1
9 4 10 7 7 3 10 5 9 5 6 9
9 7 9 2 10 5 8 8 1 9 6 1
9 19 9 10 9 6 8 4 3 4 7 9
9 25 3 5 7 7 8 8 8 3 10 2
9 33 9 3 5 1 10 1 7 10 7 6
9 34 4 1 3 3 6 4 9 6 10 2
9 37 8 7 2 10 2 2 10 3 3 7
9 73 7 6 10 3 10 10 8 4 10 6
9 86 2 2 10 2 3 3 5 4 1 3
9 94 8 10 2 1 8 9 8 6 9 5
10 4 6 8 10 10 8 8 7 6 9 6
10 11 9 7 8 10 2 3 10 8 10 5
10 23 3 8 5 3 6 8 5 9 1 6
10 26 3 8 5 8 10 1 3 8 1 3
10 30 10 6 6 8 10 5 10 4 7 2
10 37 1 1 9 5 9 7 5 9 7 7
10 47 2 4 2 2 2 7 3 8 2 8
10 59 8 5 6 4 4 5 4 6 1 3
10 64 7 5 9 5 6 2 7 10 3 6
10 89 5 6 7 9 9 1 3 6 2 2
10 90 8 9 2 10 10 4 6 5 3 4
10 96 7 6 1 1 4 4 1 7 5 9
10 98 7 8 5 3 8 4 7 1 10 4
11 0 5 3 7 9 9 2 10 6 8 10
11 3 7 1 7 7 7 4 6 8 6 8
11 4 9 6 7 10 7 9 10 9 3 8
11 16 5 10 10 1 5 10 7 4 4 6
11 30 6 9 2 7 7 9 1 7 5 4
11 34 9 9 6 5 4 3 6 3 7 5
11 55 6 8 1 2 8 9 6 1 9 1
11 62 5 4 3 5 1 3 2 5 9 2
11 70 5 4 4 2 10 2 6 2 10 6
11 91 8 4 2 1 8 8 4 6 2 6
12 9 8 9 1 1 10 1 7 2 5 4
12 11 9 10 2 3 1 4 8 10 10 1
12 35 10 10 5 8 9 9 8 1 2 1
12 45 5 2 4 2 7 10 3 8 10 1
12 57 8 4 10 8 8 7 8 3 8 9
12 67 5 3 1 9 7 1 9 6 3 8
12 77 9 7 6 8 8 3 2 6 10 6
12 79 4 3 4 8 5 8 8 9 10 7
12 83 1 10 6 3 2 4 9 8 6 8
12 91 9 1 4 4 1 10 1 4 6 5
12 94 5 1 6 4 4 8 10 5 9 4
13 2 7 3 5 3 10 4 2 9 3 4
13 5 10 4 9 6 6 10 2 8 10 9
13 8 3 8 6 10 1 2 2 4 6 3
13 11 10 6 9 8 2 10 3 9 2 6
13 12 2 1 3 9 7 10 5 4 5 2
13 15 5 9 2 3 7 3 5 4 9 3
13 42 10 1 4 10 4 4 1 9 6 1
13 52 7 6 8 5 10 1 3 8 10 6
13 61 3 4 5 4 9 2 6 4 6 3
13 65 8 9 6 10 10 4 7 10 10 3
13 95 7 1 7 2 10 10 10 10 9 5
13 96 4 10 3 3 2 8 1 8 8 10
14 16 6 5 4 3 10 4 3 3 10 1
14 18 2 8 1 3 3 1 6 3 1 6
14 26 10 4 5 1 2 2 5 1 8 7
14 53 3 10 5 1 5 7 2 7 9 2
14 66 5 4 8 3 3 4 4 4 3 2
14 67 8 9 1 5 9 9 1 1 1 8
14 82 2 9 10 6 1 7 8 9 10 6
14 86 4 6 7 7 6 4 6 8 1 8
15 2 4 9 9 6 4 9 2 9 7 7
15 5 7 6 4 8 7 3 1 3 1 6
15 7 2 10 1 1 10 2 2 2 7 3
15 24 2 2 10 3 2 9 4 4 1 7
15 49 4 7 3 9 5 7 4 7 5 5
15 74 10 9 1 1 3 2 5 3 2 7
15 78 8 8 5 7 7 8 2 5 3 4
15 79 3 2 10 1 6 3 8 3 7 2
15 84 5 4 5 1 7 9 10 4 5 3
16 27 1 6 8 7 7 9 9 7 3 9
16 29 7 8 8 8 10 6 10 3 6 4
16 51 2 2 2 2 1 2 6 8 4 5
16 56 4 8 7 1 2 8 10 3 5 7
16 69 7 4 9 4 4 7 4 3 9 2
16 83 8 10 10 4 9 4 9 9 8 9
16 88 3 9 5 6 2 3 10 1 3 5
16 93 10 7 6 6 1 4 3 10 4 9
16 99 5 8 5 10 9 7 10 6 8 10
17 4 4 5 4 9 1 9 9 6 2 10
17 29 2 3 4 4 5 3 8 6 9 7
17 33 9 8 7 4 7 4 1 5 7 10
17 34 1 4 4 9 3 4 3 1 9 1
17 38 3 9 10 1 6 6 2 5 7 8
17 40 4 8 9 9 7 2 4 4 4 2
17 46 6 3 10 4 2 9 2 1 8 8
17 77 4 7 6 3 8 9 8 4 8 1
17 90 3 6 8 1 8 7 2 2 6 6
18 6 5 3 10 1 7 9 4 5 1 3
18 16 8 6 9 7 6 7 4 1 10 1
18 21 3 9 4 6 4 5 8 2 3 1
18 23 2 1 4 3 7 2 1 8 1 7
18 45 3 6 2 3 4 9 6 7 2 8
18 48 7 5 5 6 7 4 9 2 3 7
18 49 10 4 4 9 8 9 7 2 7 8
18 50 9 9 2 5 3 2 7 4 9 6
18 63 7 6 4 4 4 10 5 5 2 4
18 65 10 9 2 10 2 4 2 3 10 6
18 75 3 5 4 9 2 4 6 6 7 9
18 77 5 1 5 7 5 1 6 1 8 10
18 83 5 5 3 4 8 2 6 1 2 8
18 93 1 9 7 10 7 1 8 7 1 6
18 96 9 4 5 6 4 4 1 5 7 6
18 97 5 1 2 3 3 4 1 5 6 2
19 5 8 9 9 10 9 1 3 7 9 8
19 7 10 5 10 4 4 4 4 2 7 7
19 13 5 8 8 3 1 3 4 7 4 9
19 39 2 8 8 1 6 9 1 1 9 9
19 46 1 9 2 3 1 9 8 2 10 5
19 63 1 5 2 10 4 3 5 9 8 4
19 82 4 6 10 4 8 10 6 7 2 3
19 87 6 9 5 1 7 4 5 10 2 6
19 89 2 9 5 9 10 8 1 4 4 6
19 90 3 8 10 5 10 4 1 4 9 8
19 99 8 1 2 7 8 2 1 5 2 10
20 22 2 4 4 9 1 5 10 6 4 3
20 28 7 4 7 1 10 9 4 3 9 3
20 31 2 10 9 7 10 4 5 4 10 5
20 35 1 10 6 1 6 5 9 5 5 10
20 45 4 9 10 10 2 10 4 5 10 8
20 54 6 2 9 2 7 8 4 3 3 5
20 56 6 10 3 5 2 10 2 6 2 6
20 63 6 8 4 5 4 8 10 10 7 2
20 64 6 3 3 2 1 1 3 4 9 7
20 67 4 9 3 8 7 6 3 4 1 5
20 98 4 9 1 1 8 3 9 10 6 6
21 5 2 10 4 9 8 5 10 2 5 10
21 19 4 9 9 7 9 1 1 9 7 5
21 28 9 3 3 4 6 7 4 10 9 10
21 46 7 2 3 2 4 10 2 8 10 7
21 47 7 9 3 4 6 9 6 3 2 9
21 67 8 6 5 10 4 9 5 8 2 10
21 80 2 4 7 9 6 8 6 1 2 6
21 83 2 10 6 9 4 8 1 4 2 2
22 20 3 2 4 1 10 5 3 9 1 9
22 26 1 4 3 1 10 2 7 7 6 4
22 27 8 5 8 7 8 6 8 4 1 6
22 36 2 4 9 7 3 7 8 8 4 9
22 47 9 4 5 5 5 5 3 1 3 10
22 58 5 3 6 2 1 3 1 4 8 7
22 59 8 3 7 6 1 6 7 7 3 2
22 68 10 1 2 3 6 10 8 4 3 2
22 72 8 10 9 6 9 5 3 6 4 5
22 76 2 5 2 10 10 1 2 6 9 6
22 93 3 8 8 6 1 7 6 6 10 2
23 14 4 6 3 9 10 3 2 2 7 6
23 19 8 6 8 6 4 2 6 3 5 9
23 38 3 7 9 8 7 5 3 10 10 7
23 42 9 2 8 3 10 6 6 3 4 2
23 48 9 2 9 4 10 5 2 10 1 5
23 63 2 7 1 1 6 9 7 2 6 8
23 77 6 7 9 3 1 2 10 7 2 9
23 90 1 7 8 7 4 10 5 3 10 1
23 91 3 2 7 6 10 5 7 4 2 9
24 19 7 6 7 3 1 6 4 9 7 10
24 23 2 4 2 9 8 2 5 8 8 9
24 25 2 9 8 8 10 6 2 4 8 7
24 47 4 2 4 8 6 5 3 6 1 2
24 48 2 4 6 4 6 3 7 8 3 8
24 71 4 2 1 4 9 4 3 5 9 6
24 76 7 4 4 7 7 7 2 2 1 4
24 86 2 5 3 6 4 1 8 7 9 1
24 91 10 6 7 4 9 2 1 9 10 10
24 92 4 5 2 6 9 9 1 2 5 3
24 99 2 8 2 1 5 8 10 9 8 10
25 16 8 6 7 1 9 9 2 5 2 6
25 23 1 4 2 8 8 10 5 8 9 1
25 29 10 2 8 9 7 1 4 9 1 1
25 34 6 2 10 6 10 10 5 8 7 10
25 35 5 3 4 6 7 4 1 5 2 10
25 42 6 1 8 10 9 3 6 1 9 9
25 57 2 10 3 9 4 7 10 8 8 6
25 61 2 6 2 9 3 7 4 10 2 5
25 66 1 1 7 7 9 1 3 9 7 9
25 84 6 2 4 10 4 1 4 10 10 1
25 89 6 8 5 7 3 7 6 1 9 5
26 2 5 9 2 2 9 9 7 8 1 2
26 28 8 5 6 8 4 10 5 2 8 4
26 31 3 3 10 10 7 6 6 7 9 5
26 39 5 8 7 8 5 5 2 8 8 7
26 44 6 8 10 4 10 2 1 8 7 10
26 51 7 2 10 2 7 1 8 5 2 7
26 56 1 10 10 1 4 8 6 7 3 4
26 72 9 5 10 1 2 2 5 1 6 9
26 79 7 6 8 10 7 5 2 9 5 8
26 81 3 2 3 6 3 5 3 9 4 2
27 10 8 5 1 2 10 2 7 6 5 1
27 13 10 5 3 2 9 1 2 3 2 6
27 22 7 5 9 3 4 6 10 6 8 6
27 35 8 6 9 7 10 1 3 10 7 10
27 45 1 6 3 10 8 8 6 1 4 7
27 51 5 3 2 5 3 3 10 1 9 4
27 53 9 3 8 1 8 10 10 6 9 6
27 55 3 8 3 10 7 9 10 3 7 10
27 57 5 4 8 10 2 2 2 1 8 2
27 67 7 7 5 7 9 4 2 5 6 8
27 73 8 1 4 3 9 4 6 8 4 6
27 74 6 8 7 4 5 9 6 9 2 3
27 76 6 5 9 7 10 2 2 8 8 3
28 0 9 2 5 1 1 10 1 4 8 6
28 10 3 6 9 6 5 1 9 10 5 7
28 22 5 6 3 8 3 4 4 7 2 2
28 29 6 2 2 3 9 8 6 8 5 1
28 35 2 3 10 2 1 6 3 7 4 3
28 51 10 2 5 9 5 1 1 9 3 10
28 62 9 5 8 6 2 5 4 3 1 9
28 83 1 4 4 5 2 4 10 6 1 4
28 88 9 7 2 3 7 1 8 3 7 1
29 25 6 9 6 9 4 6 8 9 7 2
29 31 2 1 1 5 3 1 2 10 8 6
29 41 10 5 2 6 10 3 4 4 3 2
29 44 8 7 1 2 1 2 6 8 10 3
29 51 1 5 3 6 10 7 7 9 5 8
29 73 2 4 9 8 9 2 3 4 2 10
29 79 7 10 8 4 4 10 1 8 10 10
29 82 8 3 7 2 1 3 10 8 7 3
30 0 8 4 9 3 4 8 8 3 4 1
30 4 9 5 1 6 7 3 3 4 8 4
30 9 4 1 7 7 5 3 5 1 10 9
30 13 10 8 3 9 7 5 4 8 8 5
30 16 4 6 5 5 6 6 6 2 10 7
30 19 4 10 9 8 7 7 7 4 7 4
30 21 5 7 5 3 2 2 4 9 8 9
30 70 8 8 8 7 2 8 8 9 3 7
30 79 7 5 9 2 1 8 9 3 4 9
31 1 10 4 6 1 2 4 7 2 7 6
31 28 2 3 3 5 1 1 2 1 3 6
31 36 6 3 2 10 6 9 6 1 6 9
31 37 8 7 1 9 6 7 2 9 2 1
31 48 10 3 4 5 5 2 10 4 1 6
31 51 2 7 6 9 6 6 1 10 7 4
31 53 3 6 3 5 2 2 6 7 10 6
31 61 8 2 2 3 3 1 9 8 9 10
31 65 5 9 1 9 3 4 7 10 5 4
31 68 4 6 9 1 8 9 2 9 3 3
31 69 6 7 8 10 7 9 9 3 4 7
31 72 2 9 5 2 3 10 7 2 9 9
32 20 4 4 4 6 5 2 1 6 10 4
32 38 9 3 4 8 6 5 8 7 10 4
32 47 8 4 9 10 1 10 4 10 5 10
32 49 3 9 1 7 3 6 1 3 9 1
32 53 10 3 3 7 9 9 6 9 4 6
32 63 8 5 2 9 4 7 5 8 9 2
32 86 8 3 5 5 8 10 3 4 1 4
32 96 1 7 7 2 1 2 2 5 2 7
33 6 10 5 10 8 5 8 5 1 1 8
33 12 6 7 10 9 8 6 8 3 9 2
33 14 5 10 2 10 8 9 7 2 2 1
33 26 10 3 9 6 7 7 3 7 1 8
33 38 6 2 5 4 3 4 8 5 9 9
33 63 10 8 1 3 6 1 6 5 2 10
33 69 2 8 9 2 9 2 1 6 4 4
34 6 10 4 1 8 10 1 7 2 9 8
34 15 5 5 8 7 4 8 3 7 10 10
34 45 6 2 10 1 2 1 9 3 5 5
34 49 10 8 7 7 7 5 9 4 8 3
34 73 8 2 4 2 1 3 6 3 6 2
34 78 6 4 9 5 10 7 3 4 3 8
35 1 8 4 5 5 3 3 9 2 1 6
35 20 8 6 6 8 7 5 6 6 1 6
35 22 6 7 2 10 10 1 9 6 10 6
35 34 8 1 4 9 4 8 9 5 6 2
35 37 4 3 8 5 2 7 2 5 10 3
35 38 2 1 10 4 9 9 10 9 10 1
35 39 8 6 5 9 4 6 8 5 7 8
35 46 10 5 3 3 9 7 2 4 10 6
35 54 5 3 9 5 8 4 4 4 1 2
35 60 8 2 9 5 7 6 9 1 9 2
35 66 8 2 3 7 4 6 9 5 3 8
35 79 10 9 9 5 6 2 7 5 9 3
35 80 5 6 5 10 2 2 6 1 4 10
35 85 7 5 8 8 3 5 6 4 2 7
35 94 2 3 3 10 2 8 3 6 1 9
35 96 8 9 4 7 9 2 6 1 5 7
36 1 6 9 7 6 7 3 6 8 4 1
36 4 6 10 6 7 1 4 3 1 6 4
36 7 7 3 5 3 4 1 2 5 10 3
36 9 10 9 10 6 4 10 8 3 3 4
36 13 6 5 9 1 7 1 10 10 4 5
36 22 1 3 6 7 4 1 6 10 8 2
36 40 3 2 1 3 3 7 4 1 9 9
36 41 9 7 9 4 6 1 9 3 10 1
36 46 6 10 2 7 9 2 1 4 9 10
36 61 6 9 1 9 3 4 10 3 9 2
36 82 9 3 7 9 8 2 3 4 2 6
36 85 1 10 2 6 8 2 9 4 10 8
36 88 3 10 5 1 3 1 8 6 1 2
36 95 10 1 3 10 5 2 5 8 6 3
37 26 5 6 2 9 7 2 1 8 2 2
37 33 7 8 10 10 4 9 10 9 9 5
37 57 8 8 5 2 9 7 2 8 2 9
37 59 5 10 2 4 4 1 4 6 6 9
37 65 4 1 4 3 6 2 4 8 8 2
37 69 5 4 5 6 8 6 10 9 2 9
37 74 3 2 3 3 2 4 1 8 1 4
37 90 2 4 9 6 9 1 9 5 1 8
37 94 10 4 3 7 3 5 5 1 2 5
38 43 8 1 7 2 10 4 10 8 3 8
38 59 5 3 3 4 5 5 10 10 8 8
38 69 9 2 8 8 10 8 4 2 4 3
38 78 3 5 4 10 10 9 4 4 8 1
38 79 9 1 5 1 2 3 7 6 2 2
38 82 3 1 7 2 6 2 8 1 4 10
39 9 8 7 8 7 9 3 7 4 6 1
39 16 1 3 8 1 8 9 7 10 3 4
39 20 3 2 6 3 4 3 5 6 4 8
39 21 8 7 2 3 4 9 4 8 10 7
39 34 8 6 2 10 10 3 7 7 5 4
39 37 4 3 3 6 9 7 10 4 9 7
39 76 9 4 5 4 3 5 10 6 5 3
39 80 10 9 7 2 9 9 2 9 10 6
39 84 7 2 2 10 2 4 4 7 1 2
40 13 6 6 1 9 4 3 10 10 5 6
40 22 6 8 1 6 6 2 9 5 6 3
40 29 2 5 9 2 4 5 7 8 7 6
40 54 5 3 3 6 10 3 10 9 5 9
40 65 1 1 5 10 8 3 7 2 4 6
40 79 7 7 9 4 1 10 1 1 7 4
40 82 9 10 9 3 6 5 1 4 10 5
40 84 6 10 8 10 5 6 3 1 5 2
40 86 9 2 6 10 9 8 9 10 5 6
41 12 4 6 4 1 2 3 10 6 6 7
41 26 5 1 3 2 9 9 8 1 10 6
41 38 8 2 1 10 8 10 5 1 7 10
41 40 10 4 6 3 2 8 9 1 6 9
41 60 9 8 4 9 10 4 1 9 5 6
41 64 3 3 9 9 9 6 3 8 1 6
41 65 10 4 4 3 2 8 10 10 2 3
41 74 7 2 9 10 1 5 5 6 10 5
41 90 4 4 8 10 3 3 7 8 9 9
42 2 9 10 4 10 5 8 3 1 3 5
42 17 3 2 5 8 10 2 8 8 10 1
42 19 5 1 4 6 8 2 4 4 5 7
42 33 5 10 7 6 9 1 8 4 9 3
42 64 10 1 2 7 6 2 6 8 7 5
42 66 10 7 2 8 6 5 2 7 3 1
42 82 9 4 2 2 8 9 6 4 3 5
42 86 8 5 7 9 3 10 6 7 7 5
43 4 8 8 6 8 3 1 10 5 10 9
43 26 1 7 10 1 2 2 8 8 9 5
43 63 5 10 8 10 1 7 5 6 2 5
43 65 1 10 2 5 5 10 10 8 4 7
43 80 1 8 5 2 3 10 9 6 4 3
44 12 1 4 1 6 2 3 3 1 8 1
44 17 9 10 6 6 6 5 7 7 10 2
44 21 8 3 5 10 8 3 10 10 7 2
44 45 3 5 2 10 7 9 3 5 1 1
44 50 2 9 2 10 10 2 10 6 9 7
44 60 8 10 9 6 2 4 1 2 3 2
44 62 4 8 6 4 3 5 6 8 6 3
44 63 6 6 6 1 4 9 10 1 5 9
44 64 6 2 5 4 6 3 2 10 2 3
44 80 6 2 9 4 2 6 5 5 10 8
44 89 1 3 9 3 7 7 4 7 3 1
44 93 1 3 5 2 3 9 2 7 5 2
44 95 4 4 10 5 8 4 2 5 5 9
44 98 2 9 5 3 6 3 7 4 5 9
45 16 1 3 5 2 5 2 4 4 10 10
45 40 1 3 10 8 9 8 3 2 6 9
45 49 8 4 2 1 8 8 4 3 4 2
45 57 7 7 8 10 5 2 7 5 7 9
45 62 5 3 3 6 10 6 6 5 3 9
45 69 5 1 10 6 10 3 6 1 7 3
45 76 6 4 5 8 9 9 6 9 7 1
45 80 5 3 6 1 1 2 9 4 9 6
45 81 5 3 4 3 4 4 6 4 1 8
45 91 10 5 3 5 1 8 10 4 4 4
45 93 3 4 7 1 9 3 3 6 5 6
45 96 9 4 1 8 1 10 8 7 10 2
46 2 6 6 1 6 8 9 10 4 5 9
46 33 10 4 4 7 4 10 2 3 2 6
46 49 6 10 6 3 5 8 3 10 2 9
46 78 7 8 1 2 5 8 1 6 10 5
46 89 6 9 2 9 5 1 3 6 1 7
46 91 8 7 4 9 4 9 6 8 8 10
47 2 2 9 6 3 7 4 10 4 8 9
47 16 7 9 9 8 4 4 7 8 8 7
47 17 5 5 3 6 10 7 8 1 9 3
47 18 5 2 1 5 9 10 1 1 4 4
47 21 7 1 5 9 3 7 7 8 1 9
47 24 4 8 9 10 6 5 4 7 10 4
47 35 2 1 5 9 8 1 7 7 2 6
47 39 6 9 6 1 3 5 7 7 3 5
47 52 9 2 2 4 1 9 9 1 7 8
47 54 4 1 4 10 2 10 10 8 7 1
47 68 7 8 10 10 7 1 8 2 10 4
47 80 5 6 3 3 9 5 10 7 3 8
47 89 10 10 1 10 3 2 5 9 1 9
48 8 5 6 4 2 3 2 2 8 8 9
48 16 5 4 3 4 8 4 3 6 4 2
48 26 9 3 3 1 10 8 10 10 3 3
48 30 9 4 1 6 5 8 2 7 1 5
48 33 10 10 8 4 3 2 3 3 5 6
48 50 4 2 9 4 6 9 10 4 3 2
48 64 6 6 1 8 7 2 7 8 1 6
48 75 10 4 3 9 1 10 5 7 7 5
48 91 5 5 8 9 6 5 6 5 10 1
49 4 5 5 6 8 8 7 6 3 5 10
49 17 6 9 6 9 5 6 4 1 6 3
49 45 8 7 7 7 6 3 6 5 9 5
49 48 1 1 6 6 6 3 10 4 2 8
49 56 3 2 5 4 2 7 2 2 9 3
49 74 3 6 4 1 4 6 3 3 6 8
49 89 9 7 9 6 2 5 1 10 10 2
49 99 1 1 2 10 10 4 9 1 7 2
50 16 5 5 1 6 4 7 8 2 8 5
50 17 8 9 1 5 6 2 3 4 9 3
50 19 7 2 9 5 5 10 5 6 2 3
50 32 6 7 9 2 8 2 5 5 9 3
50 35 8 1 7 8 3 3 1 3 8 7
50 38 9 3 10 4 3 3 5 7 10 2
50 42 8 4 8 8 5 7 8 6 1 7
50 48 4 10 9 8 2 9 7 10 6 3
50 62 1 10 5 5 1 5 6 2 9 10
50 83 9 9 1 1 4 1 8 6 4 5
51 11 6 5 4 1 4 3 10 10 9 1
51 13 7 8 10 6 7 5 8 8 7 4
51 16 6 6 2 5 6 9 9 3 5 9
51 19 3 2 5 10 4 4 7 2 5 10
51 25 5 6 4 8 9 1 1 9 3 10
51 26 3 2 8 2 2 8 2 6 8 6
51 35 2 8 10 2 5 7 6 4 2 4
51 41 7 3 8 1 5 5 3 9 4 7
51 42 10 8 10 4 8 3 5 7 10 1
51 43 3 9 1 6 1 7 1 3 2 5
51 63 10 7 3 9 10 5 7 8 3 2
51 94 4 4 7 1 8 4 3 10 8 5
52 5 10 4 7 5 9 5 10 6 4 4
52 8 10 2 2 5 6 7 1 4 8 6
52 10 10 8 6 10 7 8 4 8 8 7
52 36 6 2 5 4 3 8 4 3 4 10
52 44 3 7 7 4 1 6 5 4 1 6
52 63 8 6 3 9 5 7 10 2 1 9
52 71 1 9 5 8 3 8 2 3 7 7
52 72 2 8 9 5 7 9 3 8 1 9
52 73 3 2 5 1 10 3 2 4 2 9
52 91 8 3 6 1 3 1 8 10 3 10
52 92 5 3 5 10 2 4 5 9 6 5
53 7 5 3 6 2 1 6 1 3 1 2
53 25 6 7 3 6 3 3 4 3 10 1
53 34 5 7 7 6 5 1 4 2 9 2
53 70 10 4 8 6 1 6 7 3 7 4
54 5 7 3 9 5 6 4 4 5 9 4
54 20 2 7 2 4 5 2 8 2 3 4
54 35 7 6 2 6 3 2 6 8 5 1
54 42 8 2 2 3 6 7 2 6 5 8
54 45 3 9 3 8 5 2 2 9 5 10
54 49 4 6 2 1 6 10 1 5 4 7
54 50 5 6 8 4 7 4 6 1 6 4
54 58 8 5 6 9 5 5 4 7 9 8
54 71 6 10 4 2 8 5 7 1 3 8
54 83 6 9 4 6 10 2 6 2 1 8
54 95 3 3 6 6 10 2 1 6 6 3
55 6 10 5 2 5 6 7 10 7 9 2
55 12 10 3 3 9 8 3 6 6 1 6
55 15 6 10 8 6 8 3 1 9 5 2
55 19 7 4 2 9 7 7 6 9 3 5
55 20 1 9 3 2 1 8 5 2 7 4
55 22 6 1 9 2 10 5 9 9 10 7
55 23 1 9 7 5 4 4 5 3 5 5
55 25 5 2 10 2 3 10 2 10 5 6
55 38 5 3 7 9 1 3 7 2 9 7
55 59 9 4 3 1 10 8 6 1 1 10
55 64 3 5 5 3 1 7 7 7 3 9
55 89 8 4 5 1 10 7 1 4 8 1
55 91 9 4 10 8 1 3 4 6 5 3
56 2 1 10 3 2 2 3 6 10 4 3
56 18 3 8 2 7 1 10 1 6 1 10
56 19 2 3 8 8 6 5 3 8 8 2
56 52 6 1 2 4 3 9 3 4 8 1
56 62 1 8 10 8 6 7 5 6 1 3
56 66 10 3 8 6 3 9 1 1 9 8
56 69 7 2 9 10 8 2 2 6 3 7
56 74 8 1 3 8 8 6 3 4 7 7
56 95 8 6 4 8 10 1 5 10 1 1
57 18 7 6 2 5 5 5 9 2 5 2
57 43 10 4 8 3 9 7 5 5 1 4
57 64 4 9 1 4 10 8 3 3 2 9
57 72 6 5 5 6 4 1 9 9 5 3
57 73 3 1 1 5 3 4 10 1 10 7
57 83 9 6 10 3 9 5 5 3 7 6
57 90 1 5 8 2 9 2 1 10 8 6
58 23 10 2 2 3 2 8 5 8 8 2
58 46 10 6 7 4 3 4 7 6 2 9
58 55 8 3 2 9 9 7 2 5 9 6
58 72 9 1 10 3 9 9 10 7 8 7
58 73 3 10 7 7 5 5 5 6 8 6
58 94 9 6 5 9 5 10 7 9 6 8
58 95 7 7 2 2 3 4 4 2 5 4
59 18 1 2 9 10 8 4 9 6 6 4
59 26 9 7 6 5 9 6 10 1 7 10
60 0 3 2 7 9 2 8 8 2 1 2
60 23 1 9 9 10 5 3 3 4 5 10
60 29 5 5 7 7 3 10 9 7 7 1
60 46 10 8 2 10 8 5 4 7 8 3
60 49 4 3 9 3 8 2 9 7 6 3
60 53 8 2 8 1 2 6 3 6 2 1
60 55 8 1 10 8 5 2 3 10 6 10
60 66 7 6 4 10 3 9 9 5 8 10
60 72 10 7 7 3 9 1 1 7 1 9
60 74 8 2 8 9 9 1 9 6 3 10
60 77 5 4 3 7 9 4 8 9 8 9
60 78 1 5 8 1 1 6 7 4 3 7
60 83 4 7 7 10 10 3 3 7 9 1
60 92 2 3 5 7 7 2 4 7 8 5
61 8 9 10 9 8 4 2 6 2 10 4
61 13 5 2 7 8 3 10 8 6 9 10
61 21 9 6 2 2 2 5 4 7 7 6
61 77 2 10 5 1 2 7 2 3 7 9
61 85 1 9 8 2 10 4 5 5 1 6
62 3 10 6 1 7 1 3 5 6 4 9
62 7 2 9 4 7 10 9 3 4 8 1
62 32 2 5 9 10 10 1 8 9 6 1
62 40 8 5 1 2 4 7 2 10 10 6
62 47 8 2 3 10 2 2 6 6 3 6
62 63 6 10 1 5 6 4 6 5 1 2
62 80 6 5 3 10 10 5 5 3 9 6
62 82 10 9 5 5 5 2 3 9 8 2
63 0 4 3 7 1 8 3 5 3 9 7
63 7 4 5 5 1 10 6 8 6 7 2
63 18 8 6 5 4 4 5 5 1 7 10
63 19 2 3 7 3 9 4 9 7 1 8
63 21 10 2 6 1 9 10 7 9 2 6
63 46 9 10 5 5 10 6 6 2 6 1
63 61 1 7 7 7 4 8 10 7 3 5
63 64 3 10 9 7 10 2 7 7 7 1
63 71 8 10 7 10 8 3 9 8 9 1
63 93 10 10 3 3 5 10 4 1 10 3
63 96 2 9 8 10 10 1 2 5 6 3
64 6 6 10 7 8 7 9 3 2 3 10
64 9 7 3 2 2 6 5 10 2 7 7
64 19 1 2 8 4 8 10 6 1 7 6
64 23 7 4 1 4 6 9 10 2 1 3
64 25 3 5 10 8 10 1 8 2 1 1
64 47 5 9 10 8 5 4 9 1 10 6
64 49 5 6 3 1 5 1 1 5 4 6
64 57 7 8 5 6 2 7 1 5 8 9
64 58 3 7 2 8 3 6 10 7 5 1
64 60 4 2 4 8 5 5 1 9 5 1
64 63 8 2 9 2 1 9 1 4 2 1
64 94 3 3 2 6 5 5 10 5 9 7
64 95 9 10 1 1 3 9 3 8 7 1
64 98 7 6 2 1 8 10 6 2 9 10
65 1 9 3 2 8 3 3 9 8 2 5
65 17 6 1 5 3 7 2 8 8 6 7
65 19 8 9 3 9 7 8 3 6 6 4
65 20 7 4 6 1 5 9 4 9 7 9
65 28 1 5 5 8 9 10 2 2 5 6
65 48 8 3 10 4 2 8 8 6 8 1
65 58 5 7 10 3 1 9 9 2 9 4
65 92 5 1 8 4 4 10 5 1 7 3
65 96 1 6 5 7 3 9 5 4 10 9
66 5 3 8 10 1 8 5 1 2 7 9
66 40 9 1 4 6 1 3 5 3 10 5
66 41 2 4 10 1 7 7 2 2 4 9
66 42 9 1 2 8 3 9 2 8 1 1
66 53 10 6 10 1 2 3 10 6 1 4
66 62 4 1 6 1 3 1 3 7 9 1
66 86 6 8 3 5 10 2 2 10 3 7
66 91 7 1 9 6 3 9 8 1 2 2
67 17 8 4 3 10 6 1 4 2 5 3
67 25 1 1 7 4 9 7 2 5 2 2
67 45 3 8 5 3 4 2 4 3 1 7
67 71 10 9 2 5 3 2 3 4 9 5
67 73 6 6 9 9 4 2 3 4 6 5
67 88 1 7 10 7 8 2 4 7 7 1
67 89 5 10 6 4 8 1 6 5 3 6
67 97 10 3 8 4 9 6 10 9 6 10
68 14 3 7 7 8 2 3 10 6 6 1
68 33 3 5 7 6 6 5 1 4 6 6
68 46 2 4 5 5 1 3 8 2 10 10
68 55 7 6 9 4 1 2 4 3 4 3
68 57 10 1 10 2 1 2 8 3 10 2
68 64 10 6 2 10 9 2 10 9 2 7
68 90 2 1 6 5 4 9 4 5 9 8
68 96 2 6 8 2 8 2 1 6 4 1
69 0 3 1 9 5 3 6 7 10 6 4
69 2 8 7 9 7 5 9 3 4 7 9
69 11 7 4 8 2 3 8 1 1 5 2
69 24 1 8 5 9 8 9 4 7 6 6
69 25 5 9 6 6 10 7 4 3 8 1
69 51 1 7 9 10 6 2 3 4 2 4
69 56 5 10 9 3 8 4 9 10 10 6
69 58 4 4 4 8 7 5 9 1 8 2
69 61 6 6 5 3 10 8 1 4 3 5
69 66 1 4 8 6 8 5 4 8 6 5
69 70 8 8 3 7 7 1 9 7 8 9
69 72 1 9 1 9 7 5 1 9 8 8
69 73 5 10 4 5 7 2 1 1 9 5
69 82 10 4 8 6 3 9 5 5 2 8
69 85 1 7 10 8 9 5 4 10 6 3
70 0 3 3 7 5 5 7 1 7 8 7
70 1 3 7 1 6 1 6 1 4 4 7
70 10 1 5 6 10 9 6 8 6 6 6
70 51 9 7 1 7 4 3 10 7 9 9
70 63 7 10 10 3 10 4 7 1 8 2
70 88 8 8 3 5 3 1 3 8 4 2
70 95 9 3 2 2 8 10 8 5 4 3
71 4 7 2 9 1 3 7 5 9 9 1
71 20 2 10 10 9 6 1 4 3 4 3
71 35 9 4 6 3 10 9 3 10 10 1
71 39 3 6 2 4 1 9 4 9 9 7
71 42 1 4 3 5 3 5 2 4 5 1
71 58 3 4 9 10 2 9 7 2 7 7
71 79 8 4 1 5 8 10 2 10 10 5
71 99 10 4 9 8 10 8 10 2 8 4
72 12 10 6 10 6 1 3 3 2 2 7
72 31 2 3 3 9 1 7 3 9 1 9
72 33 7 1 6 4 4 2 4 8 7 3
72 40 6 7 4 10 2 2 9 1 5 7
72 51 7 2 4 3 8 9 4 10 9 9
72 60 10 3 3 6 7 3 9 5 1 10
72 74 6 2 6 3 10 7 10 5 5 7
72 85 9 7 10 9 1 10 4 7 7 7
72 86 8 8 3 10 6 3 9 6 2 9
72 88 10 5 7 3 10 1 7 2 8 2
72 89 1 4 8 6 6 5 9 5 10 9
72 90 9 10 7 1 3 3 9 3 1 5
72 93 5 1 8 5 10 9 2 6 2 7
73 3 9 6 7 1 1 8 6 1 5 7
73 32 5 6 5 6 9 1 4 7 10 8
73 43 4 5 9 7 2 6 4 4 8 7
73 62 5 1 7 1 1 10 2 8 9 2
73 77 2 4 3 6 5 5 6 3 7 9
73 81 7 3 4 8 5 8 4 1 2 2
73 88 7 8 10 2 8 8 9 2 2 7
73 95 2 5 5 5 2 10 9 1 4 2
74 0 1 1 10 3 9 6 5 10 5 8
74 10 7 3 7 3 4 5 2 6 3 4
74 16 7 9 1 1 7 1 3 3 8 1
74 39 8 6 8 2 1 3 5 2 4 5
74 40 5 2 3 4 8 7 8 1 2 4
74 50 4 6 7 9 7 7 4 5 1 4
74 68 4 10 3 10 6 2 8 7 1 5
74 81 10 10 9 2 8 5 1 6 6 8
74 90 7 9 10 1 3 8 4 1 10 6
74 91 2 2 1 3 4 8 6 4 3 5
75 5 7 6 6 6 7 4 7 7 9 5
75 6 3 5 6 1 4 7 2 8 2 3
75 7 9 10 9 7 3 9 8 2 6 9
75 17 6 8 10 1 1 2 7 2 6 1
75 30 4 6 9 7 8 3 4 8 10 1
75 38 1 10 5 8 3 3 1 9 3 5
75 39 10 9 1 7 8 2 2 3 3 7
75 52 2 7 7 3 8 8 5 4 6 4
75 55 2 3 7 6 9 5 4 4 8 6
75 63 9 2 5 2 5 7 8 10 8 10
76 1 1 5 2 5 6 1 8 5 1 2
76 20 9 6 8 4 4 3 2 10 1 6
76 24 10 1 2 6 3 6 1 4 4 3
76 27 6 6 4 2 9 7 8 8 5 7
76 29 8 6 5 8 9 8 1 7 3 10
76 36 6 4 9 7 2 5 6 4 6 3
76 39 9 5 1 1 9 1 10 7 6 5
76 48 8 3 3 8 9 3 2 10 5 8
76 69 1 1 7 7 2 8 5 2 6 2
76 72 9 8 10 9 6 7 1 1 10 10
76 81 1 7 6 3 4 9 5 5 5 4
77 13 6 5 1 10 7 8 6 9 4 1
77 31 2 2 9 4 7 9 2 7 7 7
77 36 9 3 7 2 1 4 2 5 3 3
77 38 9 1 7 6 3 2 1 7 8 2
77 51 7 1 7 2 1 1 2 2 5 9
77 61 9 7 2 2 7 4 6 2 4 2
77 62 9 10 1 6 1 1 10 7 8 4
77 73 1 8 9 9 1 2 9 4 4 9
77 75 8 2 1 5 2 8 1 2 9 4
77 95 7 10 7 2 9 5 9 4 7 3
78 5 1 2 2 4 10 2 4 10 9 3
78 16 8 8 3 7 9 6 1 7 2 10
78 29 7 5 7 5 1 7 8 7 3 9
78 39 7 1 1 7 5 1 4 10 2 9
78 42 4 1 5 6 4 5 1 8 2 1
78 50 3 9 5 1 9 8 6 2 2 7
78 53 9 2 5 9 1 5 5 10 6 7
78 56 1 3 2 2 1 1 9 8 9 2
78 60 6 7 3 5 10 7 3 3 9 9
78 83 4 4 10 1 2 4 2 5 8 4
78 88 5 1 4 5 3 5 9 10 2 10
78 92 7 10 10 8 5 7 6 7 3 6
78 93 4 7 2 4 7 1 4 5 4 6
78 98 1 7 2 5 2 6 5 6 4 8
79 4 9 3 2 10 2 3 4 4 8 9
79 11 2 6 9 5 5 4 5 1 5 10
79 23 10 5 10 8 5 4 8 10 10 1
79 34 4 5 9 5 7 3 7 10 5 3
79 38 9 2 9 6 4 7 6 3 8 9
79 50 9 9 6 9 1 6 5 2 5 10
79 58 8 5 8 4 9 6 4 10 7 3
79 65 6 6 1 8 3 2 1 2 6 10
79 67 4 4 2 3 6 4 7 5 6 6
79 69 9 4 10 8 2 9 3 8 10 7
79 95 9 6 4 1 9 3 3 10 2 8
80 10 1 2 4 6 5 3 9 7 7 3
80 11 1 3 9 7 10 8 2 9 7 4
80 22 2 2 9 4 10 6 1 10 5 7
80 23 1 7 8 1 8 7 9 8 2 10
80 39 1 10 4 3 10 1 9 2 1 4
80 48 3 7 7 8 8 3 8 8 10 1
80 65 7 4 4 7 5 3 4 5 2 9
80 79 6 3 9 6 9 5 4 6 8 4
81 9 7 9 4 10 3 5 7 10 5 4
81 19 9 3 6 4 8 8 5 6 10 8
81 21 4 5 4 3 9 5 6 10 1 4
81 24 10 8 10 4 8 8 9 10 1 3
81 25 5 8 7 10 1 3 4 9 4 2
81 26 5 9 8 10 6 10 7 6 8 9
81 48 8 1 10 5 10 6 7 7 6 4
81 74 5 4 6 4 10 9 9 9 4 5
81 97 1 7 3 5 8 3 8 4 7 4
82 1 9 6 1 4 1 4 5 4 3 3
82 10 3 7 10 6 9 6 8 2 9 2
82 26 4 1 1 3 9 8 1 6 10 7
82 27 6 5 10 8 1 6 9 1 8 7
82 34 5 1 4 3 2 6 10 10 10 3
82 56 4 7 1 1 3 8 8 7 8 6
82 88 2 5 1 7 10 1 2 3 4 9
83 15 9 5 6 7 6 7 5 8 5 9
83 18 4 1 10 8 9 9 6 7 1 8
83 25 1 8 6 4 8 6 9 4 6 1
83 38 2 10 7 8 8 6 2 5 6 9
83 60 2 6 5 6 1 5 3 1 5 1
83 61 10 10 9 3 5 4 4 5 10 9
83 67 4 9 5 3 10 10 8 4 2 5
83 75 6 2 3 2 2 2 2 1 2 8
83 85 3 10 8 2 4 3 5 9 5 10
83 98 2 2 3 4 5 3 5 5 5 7
84 4 6 9 2 5 10 9 6 10 1 5
84 14 7 4 4 9 3 1 6 10 9 6
84 21 4 3 2 7 8 9 9 1 1 3
84 27 7 4 9 8 8 2 1 3 8 7
84 31 5 7 9 1 2 8 6 4 5 4
84 43 5 8 3 2 10 7 7 6 9 7
84 47 1 4 9 10 2 1 1 2 5 7
84 51 1 2 9 6 4 7 7 7 10 2
84 54 2 6 8 9 7 9 6 5 3 6
84 67 3 3 5 6 3 3 9 5 10 3
84 78 8 2 3 6 7 7 2 6 7 9
84 79 4 4 10 8 7 4 9 4 9 4
84 81 1 3 6 10 10 7 2 10 1 5
84 89 5 4 4 7 2 9 3 9 7 9
84 91 2 1 7 8 7 6 3 9 10 2
84 95 7 6 10 4 3 10 1 6 2 1
84 99 3 1 7 7 6 2 6 3 9 1
85 11 7 7 7 7 8 3 10 7 7 1
85 17 6 9 9 5 10 9 9 9 1 5
85 19 9 5 5 6 2 6 5 1 9 2
85 24 8 5 9 6 5 8 8 1 6 10
85 38 10 9 7 4 6 2 8 9 8 5
85 40 5 2 5 9 9 9 2 7 3 7
85 53 6 4 8 8 8 6 6 3 6 10
85 54 4 2 10 4 5 4 3 2 7 6
85 70 10 1 5 6 6 9 6 5 4 8
85 76 3 9 4 8 8 6 2 9 3 2
85 91 4 5 9 7 5 5 10 3 2 6
86 18 6 5 8 6 2 7 4 10 4 6
86 36 8 1 6 7 6 8 1 8 8 10
86 38 8 10 2 1 1 1 6 8 4 2
86 46 10 4 1 1 4 7 10 9 3 9
86 48 2 9 3 8 10 3 7 1 2 8
86 61 10 6 9 6 9 7 6 2 10 8
86 89 6 3 6 8 3 4 4 10 7 9
86 90 2 2 5 7 5 8 1 1 1 7
86 98 1 2 6 6 6 5 7 1 8 1
87 13 9 4 8 7 1 5 1 5 8 5
87 18 10 2 4 6 8 2 3 8 5 10
87 22 3 7 6 8 1 2 6 8 4 6
87 38 2 3 3 8 8 6 2 1 8 8
87 48 8 4 1 5 2 2 4 7 7 5
87 53 6 8 5 4 9 10 7 5 4 7
87 56 7 10 9 7 8 10 4 3 7 1
87 60 2 3 3 2 4 3 5 9 7 2
87 69 5 9 6 6 4 6 3 3 2 3
87 77 10 9 7 9 8 9 8 7 2 1
87 80 7 1 3 6 8 8 3 9 9 6
88 11 4 2 2 7 8 3 6 10 3 3
88 20 5 1 2 6 5 6 2 2 5 8
88 35 4 7 6 7 4 9 10 2 1 5
88 41 2 7 4 4 5 10 6 2 10 5
88 50 3 5 3 1 2 1 4 5 1 2
88 52 8 9 2 2 7 9 8 9 8 8
88 69 10 10 2 9 7 3 6 10 10 1
88 73 8 6 1 3 2 9 2 1 1 5
88 87 10 2 5 10 9 5 8 6 2 2
88 93 9 8 10 1 4 1 10 9 8 2
88 94 3 4 5 8 10 1 1 5 6 9
88 97 9 7 10 6 3 2 8 1 3 3
89 6 7 6 9 7 7 3 10 4 6 6
89 21 6 3 6 3 1 3 5 1 1 7
89 33 4 2 2 4 8 7 4 2 8 10
89 35 5 1 3 9 7 2 3 5 2 5
89 44 8 4 2 5 9 7 2 4 7 5
89 54 2 7 4 9 10 9 5 2 2 9
89 62 10 7 7 7 6 2 5 3 5 3
89 63 2 5 5 8 7 9 6 7 1 1
89 71 1 1 3 4 8 7 7 4 5 4
89 72 7 6 5 6 10 7 7 5 3 8
89 88 10 2 1 1 9 4 9 4 7 3
89 95 9 8 2 5 2 4 8 10 2 8
90 8 2 6 7 5 9 9 5 9 1 2
90 31 6 4 9 10 9 5 8 5 10 1
90 43 3 10 9 6 9 1 7 8 6 10
90 45 2 2 2 6 1 4 1 1 6 6
90 54 8 3 6 1 2 5 2 9 3 5
90 59 2 6 10 10 2 9 4 7 7 1
90 60 6 5 7 5 4 9 8 4 10 4
90 66 9 9 8 2 1 8 9 10 3 1
91 4 8 5 4 9 2 5 5 2 8 6
91 8 6 1 10 3 6 3 8 8 9 9
91 41 9 6 3 4 2 4 10 9 3 5
91 63 1 7 8 8 5 9 10 6 7 1
91 78 4 8 1 9 3 8 8 7 5 8
91 83 6 3 1 2 9 8 1 8 2 6
92 10 3 8 8 8 4 3 7 5 5 4
92 15 6 7 9 10 7 4 4 3 10 5
92 16 4 5 5 2 1 4 6 5 1 2
92 38 3 1 6 4 7 9 1 7 10 7
92 72 4 3 6 3 9 7 8 7 3 1
92 81 1 5 7 1 8 2 1 3 8 5
92 84 5 6 9 4 1 4 7 2 9 6
93 23 7 9 1 9 7 3 2 2 1 2
93 41 7 10 1 10 9 5 8 4 1 6
93 45 10 6 8 2 1 7 4 6 10 9
93 49 9 2 8 9 8 7 5 9 2 8
93 54 4 6 9 9 4 7 8 5 3 10
93 68 10 6 5 1 8 2 7 1 7 1
94 4 5 2 6 6 3 6 10 9 9 6
94 14 4 9 8 6 3 6 4 4 4 3
94 23 5 1 3 2 4 2 6 7 7 1
94 36 10 10 6 4 9 4 9 8 5 2
94 61 8 5 5 3 8 1 10 4 9 6
94 68 2 5 8 9 10 2 3 1 4 4
94 89 4 7 5 7 1 10 1 4 10 6
94 98 2 4 4 8 6 2 9 3 4 5
95 13 8 10 5 10 1 1 5 8 3 5
95 31 4 6 7 4 2 1 6 9 6 10
95 43 10 2 2 10 3 3 2 7 10 10
95 82 10 8 6 7 5 6 2 1 8 7
95 83 2 5 2 5 2 10 9 4 10 8
96 13 3 9 3 4 9 8 9 2 7 7
96 15 5 2 7 10 4 2 2 10 9 1
96 16 6 10 10 5 8 7 5 2 2 10
96 25 1 7 5 8 3 1 8 10 1 4
96 53 8 1 7 10 2 7 9 3 8 8
96 54 3 3 8 5 9 8 2 8 4 1
96 64 6 10 1 6 2 5 1 7 7 3
96 68 4 9 1 3 1 5 7 8 7 7
96 71 9 7 6 6 2 9 5 4 3 7
96 79 7 1 1 7 7 10 3 5 7 4
97 3 1 9 3 2 10 1 1 6 6 5
97 4 10 4 1 8 1 10 10 4 3 4
97 15 6 8 4 1 6 10 8 10 10 7
97 24 5 7 1 7 6 9 5 7 5 2
97 27 5 10 5 3 8 9 8 5 8 9
97 29 2 9 2 3 6 8 8 1 3 6
97 32 5 2 2 9 8 10 7 5 6 9
97 34 4 5 5 7 6 4 7 1 5 6
97 43 5 9 2 5 6 1 7 10 3 5
97 49 8 10 5 2 4 5 4 2 5 3
97 71 8 8 8 3 8 9 9 4 2 4
97 84 7 10 8 6 7 4 5 10 9 9
97 91 3 8 9 4 8 7 10 1 7 4
97 92 9 8 1 7 1 5 6 6 2 9
98 17 3 8 5 7 7 2 1 1 2 8
98 19 3 10 3 5 9 9 8 2 2 7
98 23 4 3 5 2 2 2 7 4 4 5
98 24 6 7 1 5 10 8 8 8 4 2
98 29 6 8 4 4 1 10 6 10 7 10
98 30 6 8 5 5 6 9 8 8 10 5
98 41 1 3 1 4 4 4 4 6 10 1
98 44 10 8 1 9 3 4 1 5 10 8
98 45 1 8 7 5 7 4 2 9 4 7
98 49 5 6 8 3 8 6 2 7 2 7
98 54 8 10 1 2 10 1 7 10 8 5
98 76 9 3 3 3 4 5 9 8 5 1
98 78 4 4 8 7 2 9 10 9 2 10
99 23 9 6 6 10 9 4 6 2 6 5
99 24 9 9 10 10 2 4 6 2 9 5
99 25 6 6 9 1 1 2 10 1 2 8
99 27 9 4 7 3 5 10 9 9 7 9
99 28 4 9 8 3 5 1 7 6 4 1
99 50 7 3 9 7 1 6 8 6 5 5
99 65 6 9 8 9 6 5 2 6 3 4
99 70 5 2 2 1 3 3 8 5 9 5
99 94 4 2 1 1 4 5 7 6 10 7
