1000 10
1 102 69 75 7 86 58 21 27 28 38 61
1 698 93 96 80 9 63 53 45 98 49 56
2 89 6 54 96 1 71 70 85 87 3 17
2 826 50 95 54 88 67 9 42 18 70 3
3 280 2 25 100 54 89 53 73 45 94 10
5 13 70 91 61 59 13 43 86 11 55 24
5 945 44 13 43 31 73 89 4 37 85 98
6 247 15 28 91 58 22 73 56 23 42 29
6 306 22 88 35 23 63 52 71 100 16 49
7 714 86 70 21 91 26 82 68 96 31 3
7 781 46 81 68 4 91 31 63 9 2 45
11 181 78 85 67 79 23 49 27 18 26 91
11 508 74 15 31 93 69 86 21 37 70 37
13 189 9 50 79 61 47 88 50 69 4 18
13 992 15 26 60 26 99 1 15 48 50 38
14 370 46 51 15 49 39 10 82 54 55 28
14 410 51 58 63 2 97 50 58 93 38 83
14 458 56 40 28 84 73 1 6 34 81 31
15 957 87 25 38 53 6 28 21 30 75 52
16 680 67 5 53 8 59 27 15 94 10 14
18 381 2 45 46 90 16 24 68 39 20 24
19 452 67 89 69 35 32 35 81 21 29 71
20 224 65 44 89 5 92 87 18 83 34 91
20 345 1 7 78 7 24 65 45 38 64 92
20 685 65 11 31 20 40 46 25 95 12 20
22 642 8 17 87 65 14 1 60 58 37 4
23 579 11 28 15 25 67 29 65 72 58 76
25 480 21 19 3 100 38 87 96 31 19 83
28 507 26 12 97 2 27 100 66 22 5 73
28 547 19 85 1 34 65 21 70 31 73 23
30 921 24 53 49 85 46 85 100 2 71 42
31 191 95 36 33 85 99 87 60 56 88 83
37 453 21 58 24 93 71 27 27 70 29 86
39 319 51 12 49 69 38 64 28 18 86 33
40 257 12 36 61 30 1 11 61 53 95 89
41 632 16 60 30 32 22 17 18 68 34 66
42 97 59 35 9 78 73 39 93 56 32 86
42 453 4 10 76 3 1 50 56 17 17 42
44 237 89 4 26 27 51 22 49 12 95 75
44 987 63 93 28 38 80 58 20 64 61 51
45 356 21 63 88 38 91 20 80 55 2 81
45 799 73 28 88 43 60 48 44 67 7 72
46 589 1 87 25 67 14 78 68 5 89 16
48 265 87 11 43 56 81 64 45 12 58 56
48 351 11 87 52 45 66 66 9 14 30 97
50 881 22 39 7 41 45 92 96 65 62 42
50 925 20 91 30 93 1 12 55 4 71 36
51 409 4 30 23 88 62 85 27 80 94 99
52 73 6 6 11 70 79 51 40 67 28 24
54 109 46 31 59 71 44 47 63 77 72 75
54 817 66 91 94 33 55 41 45 94 10 50
54 844 66 58 64 6 27 67 73 47 66 60
54 967 21 89 63 33 17 86 4 88 14 36
58 55 17 59 79 37 9 40 79 18 64 74
59 813 27 1 56 51 33 58 53 10 22 62
60 797 97 98 77 45 17 8 47 55 27 51
61 516 39 71 78 7 43 22 89 29 70 20
61 695 67 65 83 99 13 52 13 45 27 13
61 945 18 49 32 65 43 48 23 58 85 34
62 349 28 97 39 100 28 97 82 42 100 37
62 449 44 71 35 97 31 64 75 10 37 69
63 604 24 66 78 26 60 59 3 29 3 67
64 0 75 71 11 78 2 64 56 21 86 77
64 476 45 95 62 24 30 94 50 43 6 97
64 574 99 96 91 46 99 55 89 13 2 37
66 708 87 60 44 73 46 93 59 3 43 66
67 528 79 15 35 77 49 46 93 57 43 47
70 360 43 62 67 66 100 48 45 6 40 100
70 603 19 33 75 54 83 49 99 3 15 85
71 8 56 10 61 9 22 86 68 67 86 21
72 360 67 66 87 29 46 74 22 76 44 55
72 730 2 75 15 86 23 68 42 58 61 49
72 746 81 34 57 5 50 57 40 89 22 56
75 427 65 76 58 36 42 43 46 100 30 57
76 64 11 69 52 22 83 76 23 36 14 29
78 750 36 19 82 55 85 14 75 77 91 48
79 137 46 84 12 87 52 97 36 58 3 47
79 607 98 46 96 20 76 51 36 92 10 5
79 612 97 96 52 99 81 11 62 40 5 56
80 326 1 80 49 98 71 26 80 34 73 59
81 970 56 84 31 89 62 50 44 5 49 86
82 12 58 29 21 43 23 8 48 96 5 9
84 336 65 33 53 67 44 1 58 27 38 65
84 565 30 98 83 5 60 17 19 38 70 75
85 29 87 47 49 27 34 73 86 50 22 42
85 64 59 56 56 64 89 100 33 41 100 29
88 737 53 76 31 71 85 98 37 73 88 94
92 68 53 49 10 65 41 19 80 51 65 28
93 250 49 6 97 88 55 98 92 20 25 86
93 530 52 83 61 28 93 80 47 15 47 23
93 754 3 69 22 78 53 49 24 24 51 34
94 363 17 78 5 95 9 53 40 96 46 94
94 528 23 1 87 88 50 90 80 54 11 88
94 887 93 59 2 98 22 5 56 22 65 6
95 134 12 66 67 91 97 52 60 62 36 6
97 380 46 90 82 83 88 84 10 32 95 24
99 117 57 95 49 53 35 75 47 81 86 52
101 171 47 12 15 48 68 82 19 96 22 83
101 802 77 63 79 18 64 54 65 6 16 85
101 867 71 27 18 11 11 49 30 37 92 46
103 281 33 11 40 79 49 19 13 90 56 97
103 743 74 86 19 5 10 16 65 52 83 62
104 157 74 49 29 32 51 97 10 57 53 6
106 904 14 69 62 67 16 2 62 30 91 43
107 276 48 45 24 28 23 60 15 97 96 57
109 361 81 76 88 42 26 59 88 11 20 39
109 668 60 34 4 34 75 70 81 91 24 2
109 706 80 5 41 30 48 14 92 9 16 88
110 372 68 88 33 80 55 85 38 52 84 8
110 753 29 75 21 15 62 87 81 4 80 97
111 73 65 76 62 88 42 7 49 57 88 40
113 421 27 87 17 27 50 37 13 86 89 16
113 624 54 62 94 92 1 54 94 24 53 70
114 172 83 52 23 82 8 43 88 23 43 62
115 206 35 29 38 30 67 62 24 81 9 64
117 211 23 29 24 57 77 36 92 60 57 33
118 546 90 40 7 67 26 47 99 50 85 10
119 90 28 77 41 4 41 35 16 9 44 28
119 130 7 66 49 42 24 7 40 73 67 90
119 196 42 73 73 14 16 23 96 93 80 87
120 173 50 9 4 43 16 27 36 13 1 58
122 610 7 7 69 44 65 85 2 10 37 18
124 755 3 13 61 77 19 31 81 61 21 55
125 339 11 70 80 39 82 53 45 12 70 38
125 768 24 26 20 35 89 18 85 97 96 50
126 974 19 8 60 66 60 33 13 55 41 65
128 678 8 5 66 97 67 24 78 49 30 79
129 177 78 12 74 3 65 76 52 20 48 75
129 424 44 76 66 29 92 95 65 66 50 7
129 988 33 27 77 83 37 27 34 25 1 15
132 37 37 79 7 78 93 67 65 19 80 65
134 410 56 70 58 85 55 59 32 34 15 97
135 53 96 52 60 85 34 96 93 98 53 36
135 185 26 9 58 8 50 86 76 88 84 100
135 366 13 91 95 17 77 39 13 48 46 27
136 150 93 96 65 72 37 95 67 29 30 45
137 602 1 47 69 89 91 67 55 33 35 21
137 719 31 65 14 39 5 52 20 44 45 3
139 396 25 59 69 83 91 79 21 30 52 15
140 34 100 25 34 95 30 99 48 49 12 48
140 74 99 54 58 25 73 74 76 4 5 54
140 332 79 30 6 18 45 38 9 67 71 2
143 585 81 32 1 74 23 45 31 6 62 99
145 157 4 38 31 37 7 93 71 89 83 84
146 230 43 97 60 77 41 45 69 16 32 78
146 267 37 6 72 77 16 30 23 38 84 64
147 697 28 68 98 59 11 62 8 87 8 33
148 608 53 94 52 64 32 87 81 53 62 60
151 182 19 48 60 36 74 63 62 21 76 75
151 643 27 75 22 21 21 78 73 6 50 38
153 863 28 36 20 84 9 68 11 54 69 65
153 906 42 55 50 37 68 95 47 58 31 52
155 633 12 53 43 85 67 3 23 35 15 58
155 702 38 87 4 26 81 3 95 19 62 13
155 718 65 82 18 49 92 4 53 54 60 56
156 821 48 91 50 20 4 29 55 7 87 30
159 249 28 85 98 88 89 59 97 30 47 55
161 568 8 77 48 83 94 24 43 62 13 28
162 772 77 31 61 82 99 20 48 43 96 45
163 650 55 19 35 87 9 14 48 10 78 7
163 972 87 27 11 35 37 17 72 84 11 2
165 510 52 60 74 95 86 26 93 15 93 99
165 811 20 61 37 63 91 62 38 46 73 42
166 244 6 32 44 8 5 5 73 14 76 95
166 276 99 78 97 80 97 61 23 49 60 5
166 676 61 63 98 29 55 14 59 27 96 13
168 160 74 52 79 69 70 44 83 46 58 81
168 910 69 2 20 16 51 51 91 77 31 61
169 144 97 27 35 87 23 79 52 38 15 56
169 469 97 3 11 9 54 94 9 96 84 95
171 297 47 79 95 66 42 72 74 60 43 69
172 203 62 74 74 56 64 91 61 19 76 71
172 249 22 36 98 32 54 44 48 80 28 78
172 591 89 31 78 97 99 14 18 46 53 86
172 868 25 90 27 35 59 33 99 76 99 86
173 707 16 20 39 44 87 9 68 37 56 37
174 149 32 2 15 37 97 43 56 58 35 12
174 205 70 14 79 31 30 18 37 16 94 37
174 999 19 58 96 12 60 34 62 46 97 26
175 499 24 48 76 92 72 2 79 64 61 45
177 297 62 46 98 92 80 21 40 3 64 13
178 16 42 35 9 22 37 46 25 6 8 5
178 850 45 85 54 29 93 31 93 4 92 19
181 732 43 10 49 26 61 31 69 63 65 68
182 755 92 98 56 58 36 66 3 72 23 96
183 25 59 8 9 19 26 52 66 46 99 66
183 950 27 78 72 5 49 62 9 7 22 67
184 338 93 77 38 98 84 79 6 12 15 78
184 557 91 12 25 54 48 61 85 87 69 50
186 324 75 55 21 47 27 9 52 14 52 78
187 707 1 26 3 38 83 86 64 92 12 53
187 864 58 14 4 43 2 28 53 53 29 39
188 261 64 26 59 5 14 97 93 94 100 80
189 6 58 89 9 8 77 44 70 30 74 15
190 223 77 57 91 47 28 30 22 40 33 72
192 833 47 92 49 17 82 13 68 21 74 50
194 278 41 3 88 87 41 15 20 53 95 43
194 482 26 92 11 55 1 91 91 12 11 4
197 702 83 21 88 79 24 48 89 11 33 85
199 340 61 18 76 37 78 57 4 58 51 37
200 860 96 94 22 69 96 24 30 10 4 42
205 124 78 91 68 28 75 13 13 16 76 33
205 160 69 16 6 84 38 41 90 21 29 55
205 305 20 26 76 100 28 81 72 100 70 41
206 59 12 51 74 72 90 29 62 28 1 75
206 626 56 63 11 58 25 65 21 70 100 24
206 993 9 98 31 10 16 88 77 40 78 30
207 425 91 90 38 85 30 55 29 72 80 20
208 484 69 67 3 14 72 7 70 5 24 73
210 273 47 82 1 69 97 9 43 14 77 69
210 468 60 13 98 83 71 92 56 58 27 25
210 615 29 69 33 94 65 90 13 33 85 26
211 26 56 72 79 46 46 66 67 2 47 39
211 45 74 75 79 96 68 95 59 66 33 16
212 608 66 83 97 7 37 58 47 55 34 49
213 601 72 82 13 10 83 89 96 18 7 3
214 413 89 73 2 97 76 19 58 47 87 75
216 770 84 53 77 95 46 39 47 80 30 92
219 760 53 76 66 53 90 30 54 35 26 7
221 326 17 66 58 16 58 25 89 84 43 10
221 623 93 62 92 67 90 91 38 56 24 27
222 38 27 59 68 77 42 14 97 62 76 33
225 268 91 15 57 37 79 47 70 66 44 48
225 474 70 60 95 14 22 37 19 75 15 63
225 678 58 59 49 93 52 9 43 28 34 11
227 557 41 47 59 43 86 73 85 16 46 43
228 9 78 66 77 93 74 28 20 72 14 53
228 274 7 77 95 25 11 100 38 65 43 72
228 504 31 91 9 33 86 58 33 8 11 10
230 802 29 91 36 88 16 76 68 35 60 42
234 127 99 34 47 43 52 11 67 49 39 7
234 224 45 98 75 4 35 53 99 23 56 37
235 281 34 77 8 91 31 60 71 72 13 98
236 154 4 72 45 17 42 11 80 48 85 46
237 856 22 32 25 2 31 2 98 90 84 20
239 725 44 57 19 20 93 93 25 38 53 59
239 875 94 47 15 73 68 38 25 100 77 76
240 799 80 57 48 44 20 47 61 2 55 20
241 229 55 8 23 33 92 56 21 76 43 82
241 809 89 17 48 29 7 71 2 75 44 66
241 912 71 25 30 47 60 91 41 42 8 94
242 385 74 73 72 38 85 48 40 68 85 82
243 385 57 100 91 50 54 93 87 79 8 57
245 599 18 100 100 90 58 66 63 75 17 28
246 818 40 67 12 98 48 84 21 53 63 33
247 29 80 26 89 47 53 36 14 28 68 12
247 297 84 3 18 78 29 32 64 49 31 61
247 790 52 47 33 11 44 48 12 66 76 75
248 78 27 18 90 94 87 39 80 88 11 15
248 276 20 27 71 13 67 68 37 37 65 22
248 519 98 98 74 36 62 2 55 61 87 62
249 77 10 16 15 12 74 18 26 27 62 55
249 567 53 87 67 95 5 72 61 76 88 85
250 651 52 40 96 51 85 5 51 34 6 68
254 848 67 55 45 72 24 100 6 85 87 87
255 70 14 79 97 21 69 86 14 14 22 86
256 766 96 16 26 69 74 92 48 57 82 92
258 132 27 12 61 38 16 58 78 47 60 4
258 711 94 30 10 68 3 52 83 3 41 59
259 4 78 81 37 31 25 35 67 92 87 61
261 620 17 90 86 55 35 70 32 93 10 22
262 239 75 30 64 70 35 8 23 34 41 80
263 40 16 60 56 70 73 63 63 13 51 74
264 474 62 8 10 3 90 96 86 45 87 1
265 518 19 27 74 57 12 54 44 45 55 19
266 774 23 61 19 100 84 23 38 29 82 87
267 540 27 80 64 19 11 69 51 31 74 41
272 748 22 75 36 6 53 81 53 24 33 51
272 902 37 5 14 19 20 82 5 37 14 56
273 142 92 21 100 20 33 40 16 60 87 21
275 357 99 42 14 86 43 16 73 49 4 92
275 544 78 24 25 46 32 3 36 48 91 37
276 479 98 88 48 37 52 95 62 91 36 63
276 549 31 7 4 60 48 61 48 37 91 80
276 900 37 65 59 12 49 30 86 21 46 63
278 44 52 24 62 32 35 42 90 41 26 74
278 365 81 10 45 67 97 39 25 64 99 25
278 420 71 72 21 71 92 71 21 63 79 7
278 528 11 8 99 9 27 76 61 19 76 76
279 23 52 16 28 14 14 55 15 42 14 28
279 81 18 50 3 95 89 8 95 11 72 13
279 917 33 51 21 41 98 8 86 88 39 15
281 982 10 71 93 84 87 66 96 37 82 43
282 245 39 12 55 57 49 37 88 98 33 10
282 893 57 24 97 77 87 95 73 81 1 23
284 627 58 12 37 97 80 39 76 83 85 86
284 898 93 17 57 37 82 47 64 23 52 86
287 776 14 72 82 11 48 70 66 15 36 89
287 999 65 77 96 56 100 54 95 91 74 66
288 107 88 93 15 32 58 55 82 72 59 29
288 129 81 50 85 76 95 24 90 10 70 54
288 291 73 41 97 29 98 83 81 50 35 53
288 755 7 58 85 69 61 44 20 74 27 52
290 83 31 76 5 45 12 7 53 20 89 26
290 523 79 42 76 7 86 16 7 50 4 64
293 586 92 61 13 52 72 88 13 93 74 59
293 649 76 64 9 87 33 51 84 66 24 42
295 81 8 79 62 30 18 32 37 82 53 9
295 749 25 28 54 89 46 64 77 86 53 76
296 362 18 43 73 13 60 11 85 100 79 37
298 36 8 5 43 56 32 42 38 64 19 3
298 96 71 53 95 23 17 71 37 62 97 68
299 581 10 25 25 21 35 27 29 86 64 13
301 702 71 41 14 80 22 97 9 77 12 8
302 133 80 74 6 67 30 94 41 42 67 95
302 379 66 10 24 96 86 29 97 23 42 50
304 762 39 10 50 90 68 77 83 41 100 54
305 113 36 52 14 10 20 15 59 92 22 14
306 136 9 37 70 5 92 89 73 65 79 39
308 900 53 89 21 22 45 68 86 16 71 2
309 308 61 64 98 46 27 60 30 29 99 2
309 841 2 39 55 92 22 1 72 60 85 72
310 18 99 76 100 37 42 9 65 49 82 73
310 517 100 26 19 18 93 10 68 83 38 57
310 677 44 86 54 63 8 78 88 33 99 95
311 728 58 16 90 90 7 7 25 40 64 28
312 375 43 99 55 37 19 94 97 75 64 23
312 933 80 35 34 12 53 52 68 50 15 56
313 140 26 60 54 67 2 45 20 5 46 33
314 814 69 8 97 55 94 41 43 90 73 4
317 461 36 89 14 36 49 89 56 47 65 50
318 674 51 66 88 43 45 55 86 87 36 3
323 426 71 75 58 64 43 11 19 98 16 47
323 481 60 34 98 26 18 69 67 67 93 10
323 745 94 45 46 65 51 65 14 4 94 67
323 908 10 75 30 40 7 44 91 64 43 100
324 910 46 65 4 98 36 87 12 14 59 78
326 96 6 16 73 26 96 86 58 55 92 8
326 157 85 37 41 81 25 67 74 72 3 66
326 177 28 35 33 12 88 8 35 40 98 93
327 36 60 38 6 21 23 16 97 76 42 18
328 879 73 16 37 21 96 2 81 1 83 10
329 391 84 25 99 8 99 68 11 52 48 99
331 751 37 54 64 42 60 19 76 33 67 91
334 528 9 75 47 99 46 76 21 11 3 42
336 275 9 66 80 74 14 17 6 39 23 54
337 442 89 74 81 81 28 30 93 10 41 4
338 502 56 45 13 72 10 12 69 98 95 52
339 165 46 93 47 23 40 55 71 73 68 13
339 428 43 62 49 75 32 93 23 88 99 38
340 322 24 41 77 57 33 9 35 83 35 92
345 212 12 84 17 56 73 53 5 43 1 99
345 706 37 3 96 98 4 60 70 54 23 98
345 933 6 81 69 29 97 65 22 17 94 43
347 356 16 6 15 20 86 71 69 42 68 68
347 374 91 66 49 2 33 15 82 7 33 11
350 77 13 58 82 83 87 60 21 65 45 61
351 248 99 59 41 45 21 37 92 26 58 71
353 523 30 90 100 50 17 97 68 8 65 18
357 597 91 83 68 5 10 20 67 44 6 20
358 737 35 6 91 19 37 5 84 52 57 19
359 749 91 71 9 12 96 16 94 44 76 1
359 827 42 62 97 78 53 59 71 12 64 46
359 838 32 97 99 22 35 98 41 60 88 46
362 108 56 42 43 37 87 44 79 23 40 27
362 723 83 22 79 98 3 82 83 79 95 81
364 561 12 98 96 12 85 2 48 94 5 32
365 149 1 43 52 40 38 36 42 55 59 95
365 237 42 18 92 67 41 77 84 66 21 67
365 571 25 73 83 17 38 22 1 12 17 74
365 680 98 75 40 85 15 88 1 49 53 2
365 814 24 8 100 52 67 69 87 1 85 84
367 329 90 15 34 51 20 82 87 79 2 58
368 55 56 48 85 95 76 60 73 21 55 17
368 170 71 43 17 87 24 21 87 7 89 30
368 491 19 33 19 10 62 6 66 77 35 88
369 294 83 23 40 74 38 79 23 20 41 72
369 805 65 81 72 98 100 83 30 2 9 86
370 309 83 40 36 71 21 24 54 42 25 51
375 7 85 14 74 71 37 33 17 28 32 70
376 108 24 40 38 13 3 50 36 70 22 9
376 752 78 65 18 25 1 38 77 97 44 96
377 992 44 81 90 6 18 6 50 19 77 79
378 57 55 66 25 98 95 86 36 46 14 7
378 357 55 85 7 83 67 39 61 17 85 75
386 353 75 95 93 72 80 54 96 63 54 5
386 806 18 93 81 88 58 70 66 92 81 100
387 225 67 73 71 36 21 43 87 77 61 100
389 380 82 6 13 45 79 22 1 76 28 78
390 225 13 22 23 18 43 99 76 53 17 23
390 754 14 45 77 100 14 86 22 92 62 18
392 324 45 8 89 81 35 64 40 4 37 12
392 379 74 11 69 79 2 20 95 2 33 84
393 463 17 35 78 38 28 96 99 9 95 37
393 894 35 10 97 47 59 91 51 32 50 87
394 623 28 34 99 6 61 20 54 78 94 10
394 722 24 3 65 16 54 3 70 12 75 5
396 291 84 96 19 97 75 30 69 57 72 99
396 817 54 69 60 17 74 7 49 3 20 76
397 717 31 5 39 8 19 68 72 82 7 96
398 187 100 9 36 65 83 98 68 23 25 68
400 79 97 70 63 77 35 44 8 26 68 94
401 229 29 25 8 40 97 94 76 28 30 7
402 858 90 1 51 46 49 49 31 42 15 24
402 938 19 70 60 8 39 66 58 26 7 31
403 280 99 57 82 37 91 75 47 20 34 68
403 368 12 40 23 11 80 9 44 15 78 23
407 932 62 30 7 27 62 44 63 31 59 3
408 179 41 47 63 37 55 53 54 20 81 11
409 155 70 19 42 98 92 55 79 5 43 76
410 790 12 6 87 54 10 51 19 37 89 21
412 793 78 23 84 100 81 39 79 18 50 64
413 497 81 52 97 87 81 54 16 37 35 62
414 428 85 48 65 10 60 40 63 10 83 98
417 564 14 75 61 16 43 42 73 80 86 37
418 334 96 89 86 3 11 2 27 78 28 22
420 678 62 28 77 33 24 97 45 94 20 1
424 952 27 62 44 45 49 34 7 14 60 17
425 865 50 60 27 2 37 32 84 36 14 39
427 243 20 60 93 87 21 66 52 55 91 28
427 992 39 82 72 32 66 71 67 58 29 20
428 397 30 53 7 90 95 85 55 36 10 67
428 794 24 85 53 76 72 17 97 12 78 56
428 817 80 98 12 48 29 16 46 13 80 9
428 962 44 77 34 83 37 40 30 18 53 72
429 570 31 53 33 16 48 15 77 49 64 96
430 708 67 22 55 27 73 89 74 81 99 80
430 825 23 44 25 37 91 39 10 97 67 45
430 953 64 56 77 96 100 23 26 72 57 21
432 544 32 36 68 23 20 75 11 37 8 82
432 609 3 54 16 64 53 74 28 31 79 46
432 659 68 90 24 65 20 17 29 39 13 87
432 664 76 21 33 89 34 98 10 81 21 16
437 819 5 32 98 59 91 33 51 37 79 36
438 355 81 33 36 6 32 13 82 46 16 37
438 588 3 68 45 16 32 71 64 83 81 23
440 809 72 48 2 65 35 55 34 71 59 53
441 147 56 11 79 35 72 3 51 34 71 43
442 688 87 80 67 10 27 17 91 97 39 56
444 483 55 56 48 2 41 45 64 46 74 36
444 904 24 24 85 90 95 71 22 16 9 81
445 752 11 24 87 85 1 72 13 91 58 46
446 788 40 43 10 40 94 65 83 22 78 34
448 459 16 65 33 88 91 75 35 56 13 77
448 860 88 60 76 19 28 7 2 29 98 90
450 4 48 82 100 84 32 97 69 24 80 89
450 856 5 22 31 64 71 65 31 88 4 84
451 301 69 82 27 39 57 61 49 11 85 26
451 773 31 48 5 98 30 51 37 35 31 5
452 267 51 29 82 18 94 92 22 18 84 13
452 511 56 38 25 26 13 12 91 4 55 98
455 780 28 17 13 26 18 39 38 21 22 4
460 737 16 27 24 21 69 6 43 71 45 24
461 184 14 18 65 4 49 95 51 40 15 22
463 172 64 10 91 45 7 6 70 14 63 33
463 930 77 68 99 31 90 96 23 100 14 80
464 332 88 99 55 32 57 47 97 77 93 86
464 711 31 21 92 29 73 70 87 97 74 12
464 719 22 83 63 60 55 30 20 23 71 13
465 147 80 91 47 75 99 55 62 56 48 35
465 402 93 80 72 29 66 41 95 42 27 26
466 499 18 85 19 39 70 57 70 42 71 14
467 435 13 52 17 18 19 20 2 86 33 48
467 878 22 23 24 7 40 98 7 61 35 2
469 193 46 19 21 19 2 81 84 29 97 39
469 515 49 92 38 61 91 69 39 39 22 13
470 70 21 99 50 10 67 3 44 37 100 22
470 691 9 79 22 59 47 65 73 34 24 74
472 29 15 10 12 29 12 43 12 30 94 95
472 695 82 85 95 75 67 59 43 8 53 78
473 62 2 92 14 27 61 57 74 58 25 28
473 648 38 64 73 42 44 70 16 43 38 57
473 711 83 48 37 14 23 33 64 45 98 8
474 20 24 29 5 60 34 86 78 32 41 51
474 672 11 95 31 17 14 77 15 25 94 69
474 910 15 64 100 50 19 87 51 22 19 46
475 377 2 48 15 72 59 48 52 83 97 24
476 781 43 25 100 100 55 22 1 81 80 5
477 419 95 28 20 40 72 70 9 100 73 78
477 762 63 73 11 79 78 39 81 15 86 83
479 876 88 71 56 12 32 55 92 53 15 54
480 798 94 61 50 66 57 94 55 74 82 93
481 4 35 34 96 52 91 17 75 66 57 74
481 930 93 63 89 84 76 56 99 86 11 8
482 805 35 74 40 5 33 26 48 44 18 50
484 618 38 18 6 75 75 6 75 79 44 69
486 721 79 82 94 25 39 12 71 62 57 88
486 760 51 66 14 47 70 43 40 10 68 70
487 100 60 92 13 44 79 95 83 81 3 85
488 361 93 99 96 17 39 46 83 83 100 80
488 413 70 88 63 53 11 32 88 29 38 75
488 962 68 28 7 25 50 78 91 96 100 81
491 503 81 45 76 72 68 91 2 14 100 75
493 270 60 58 92 76 23 34 36 76 75 21
493 310 31 3 100 60 75 11 42 53 57 15
495 629 40 35 24 21 66 35 48 9 10 96
495 835 42 70 42 81 27 35 55 99 55 66
496 65 51 25 75 71 20 45 20 100 79 43
496 395 31 59 60 44 3 63 43 92 62 93
497 796 95 34 60 7 23 30 14 82 97 23
498 337 38 10 38 4 70 37 5 76 17 60
499 64 40 21 66 96 25 20 9 11 64 94
499 429 67 82 89 97 41 78 33 41 16 50
500 261 1 38 70 54 36 18 4 14 17 21
500 885 68 18 51 77 7 59 18 32 97 78
502 363 52 97 18 28 85 5 23 63 43 1
502 384 63 85 28 97 54 31 73 67 10 15
502 576 83 92 41 64 92 59 10 54 13 12
503 257 41 19 35 3 36 32 12 30 19 88
503 289 48 84 13 36 53 92 59 30 14 97
503 592 44 70 54 27 20 16 14 66 96 69
505 902 67 92 67 52 2 43 39 93 84 77
507 698 4 48 86 6 35 72 15 5 40 24
508 553 2 51 60 50 72 45 90 33 59 87
510 986 61 66 43 25 18 52 39 29 88 48
511 355 90 8 80 65 28 15 93 41 9 7
514 486 45 14 37 69 35 40 23 49 29 67
515 335 92 22 94 78 50 66 77 60 39 74
515 524 31 83 35 88 45 36 58 39 56 35
518 661 83 20 21 73 1 70 28 16 50 80
518 662 32 18 95 81 12 54 31 43 54 56
520 680 24 34 96 67 18 70 38 86 64 2
521 49 70 65 29 40 67 53 61 41 36 59
521 87 27 23 79 36 27 23 10 27 40 85
521 987 51 73 18 4 100 79 23 34 23 66
522 496 69 49 68 97 12 18 90 25 91 96
526 812 12 83 52 51 4 57 10 65 59 42
526 826 10 6 13 91 9 37 35 25 83 79
527 997 95 78 14 32 52 43 90 8 93 96
529 899 67 12 57 78 46 47 40 30 6 89
531 57 32 12 76 32 57 51 55 99 89 72
533 650 67 96 19 7 1 98 15 18 93 6
535 122 72 2 2 98 57 97 9 8 73 3
535 224 12 39 19 70 58 86 55 24 80 34
535 281 74 87 42 94 95 74 14 2 60 41
537 228 52 98 30 87 1 48 7 39 33 61
537 909 44 54 13 40 22 80 60 45 35 13
538 653 51 92 77 35 12 92 54 98 25 85
539 31 49 73 24 91 94 66 11 88 54 6
539 386 33 8 98 10 83 93 32 1 40 71
539 985 8 10 42 39 40 54 68 37 55 89
542 278 71 80 10 49 86 4 96 19 10 38
543 444 54 37 49 39 61 10 46 75 23 47
545 700 39 4 24 3 56 91 81 79 22 97
546 299 27 89 58 77 7 93 16 62 92 57
546 795 22 17 14 100 4 78 16 96 45 47
547 118 24 73 13 88 66 17 31 49 91 23
547 717 47 20 91 51 38 100 30 8 38 9
548 215 26 87 7 44 98 72 87 33 95 71
548 706 58 13 59 65 81 77 29 35 1 57
548 750 16 3 79 84 33 6 83 43 3 29
548 805 98 1 77 21 81 28 62 74 60 86
551 449 21 75 86 71 98 46 34 60 49 70
551 678 9 96 68 19 51 82 54 50 3 12
551 823 11 41 9 13 79 45 34 67 22 49
552 906 36 82 26 2 79 63 51 11 12 69
553 353 23 72 26 92 13 45 17 64 99 38
555 97 31 35 17 66 96 87 45 49 49 78
556 620 39 2 62 41 82 100 89 78 88 58
558 189 39 17 11 36 88 89 4 4 14 8
559 804 92 2 5 47 95 60 63 55 98 23
561 235 71 25 58 83 9 58 12 10 69 97
561 303 43 81 37 5 71 72 56 43 13 64
562 630 8 36 76 10 11 47 48 22 93 17
562 744 54 71 94 58 67 8 8 13 68 44
563 235 24 32 22 75 82 85 68 29 22 52
563 986 28 9 59 36 3 91 22 56 9 32
564 830 98 97 56 49 85 32 4 7 27 33
565 53 16 79 21 65 100 50 78 41 75 11
566 122 1 74 88 98 12 58 85 57 57 78
566 884 100 82 84 47 47 71 80 86 55 7
568 3 19 92 39 79 2 22 12 38 80 6
568 272 99 94 83 36 23 27 63 22 39 24
572 125 5 49 79 12 70 12 71 4 46 56
574 656 68 42 18 82 50 54 92 48 69 66
574 915 8 32 39 43 78 86 92 11 59 79
574 949 1 9 72 96 26 98 20 93 88 49
575 272 52 11 26 60 57 92 24 7 22 40
575 850 61 37 17 71 30 83 98 82 32 7
578 405 65 24 18 74 50 52 36 14 69 19
580 752 95 27 89 61 37 66 56 2 73 42
584 49 8 77 53 54 89 20 6 49 15 79
585 273 93 56 49 29 26 3 23 30 33 5
585 645 85 79 29 23 78 96 78 90 93 98
586 697 55 63 4 93 92 88 29 95 17 58
588 449 2 32 89 37 4 97 50 34 51 1
589 351 59 1 84 83 43 15 5 90 6 55
589 526 60 50 5 6 3 45 41 43 91 75
590 288 15 82 45 42 47 13 23 51 50 84
591 67 57 79 52 53 71 89 58 77 67 73
591 644 18 57 7 6 38 28 65 69 51 12
592 611 36 50 6 91 26 49 23 100 56 97
593 708 100 15 93 99 53 37 44 40 3 87
595 239 97 90 49 62 71 55 79 66 16 65
595 357 87 33 77 24 99 92 39 5 18 59
597 643 5 63 25 69 24 55 5 54 39 46
598 733 23 63 92 75 81 92 28 17 76 38
599 359 29 91 33 12 41 41 78 38 25 28
599 777 57 64 49 81 22 10 95 33 98 44
601 283 17 27 15 55 55 40 8 42 45 44
601 582 8 29 91 73 16 18 25 6 38 39
602 451 11 52 19 16 7 70 37 92 84 4
602 796 44 16 68 24 31 66 96 8 17 95
603 593 73 52 51 79 25 100 93 39 41 97
603 769 77 77 83 38 69 19 6 62 38 11
604 254 18 86 6 100 61 37 82 89 98 95
606 978 98 43 46 94 56 50 38 77 25 84
607 868 100 100 8 64 33 30 45 98 99 76
609 241 67 16 98 46 84 52 30 11 29 88
609 912 7 97 98 59 87 63 47 54 60 52
610 664 89 10 17 66 24 78 85 21 86 64
612 243 88 39 85 68 20 66 52 86 93 56
612 577 76 20 44 35 63 46 35 47 1 15
613 731 58 37 59 9 79 73 17 33 15 58
614 48 48 72 86 76 20 32 72 54 30 10
618 662 30 84 76 75 7 73 80 17 17 16
619 180 93 77 27 87 54 75 35 19 13 29
621 760 49 54 94 76 5 33 84 9 53 79
623 23 41 68 43 76 10 31 58 76 85 33
623 470 91 39 83 79 44 23 68 31 43 5
624 321 38 3 97 86 76 89 85 21 38 11
626 762 89 20 7 24 31 73 56 29 49 3
627 453 9 32 71 11 40 71 71 5 17 60
629 284 12 19 90 60 74 9 27 73 71 14
629 825 70 7 62 3 38 43 79 79 74 78
634 185 76 44 47 66 100 43 1 79 77 46
636 86 32 80 24 41 76 63 100 56 31 45
636 346 11 62 77 7 34 99 63 13 50 59
636 788 89 58 55 66 23 46 65 63 90 15
636 984 68 50 96 38 66 22 17 19 12 31
637 162 1 94 56 82 16 66 71 87 96 16
638 985 80 97 85 29 66 75 44 79 25 12
639 260 71 49 3 8 27 1 35 15 42 15
640 182 51 17 28 92 52 83 47 18 81 88
640 551 39 68 7 1 47 1 77 73 29 45
640 934 65 13 87 13 75 2 35 27 51 25
641 750 30 29 21 5 50 94 92 14 35 5
642 363 34 52 68 75 33 62 76 94 86 53
643 8 61 73 5 85 24 21 66 35 36 85
644 268 53 76 39 73 29 8 50 59 6 61
647 796 25 6 59 65 11 59 56 6 22 88
648 38 32 7 34 28 24 1 8 13 72 77
648 611 76 36 42 55 51 90 2 61 45 70
648 837 83 50 76 97 24 34 82 49 98 67
650 245 32 81 10 2 40 94 1 67 58 36
652 34 88 58 53 33 9 85 70 99 21 6
652 801 50 35 9 83 2 68 96 19 19 50
654 802 81 91 21 93 59 61 14 79 3 21
655 391 26 47 54 58 17 70 25 74 50 84
655 734 61 28 87 93 49 62 52 92 68 78
656 723 27 96 7 31 90 4 37 46 60 26
658 178 1 84 44 48 94 43 18 25 14 71
658 532 34 83 20 69 75 70 98 29 15 84
659 697 54 18 60 16 10 28 30 8 65 43
659 826 74 49 28 94 82 87 74 30 42 27
660 602 92 11 35 69 18 24 90 66 48 3
662 419 12 49 65 31 51 51 59 26 68 25
663 42 47 76 87 46 64 14 69 85 10 50
663 422 93 93 8 14 2 45 55 99 18 15
664 152 49 1 61 5 83 19 68 8 1 53
665 138 73 63 69 87 99 72 6 62 84 26
667 103 7 67 74 89 18 45 32 68 99 43
667 187 18 17 67 59 53 82 7 33 83 45
669 772 50 64 58 48 7 23 46 8 9 49
671 183 8 79 66 75 45 74 21 81 67 16
671 237 74 11 90 68 53 81 57 56 92 100
674 770 66 6 52 32 29 80 81 36 98 78
674 869 81 20 49 76 85 73 37 30 4 69
675 132 16 22 57 35 64 2 45 49 72 19
675 157 76 18 89 13 76 97 19 46 68 19
677 321 91 49 31 43 63 62 21 43 65 71
678 664 34 64 40 71 56 82 76 95 48 76
679 159 59 77 30 19 86 77 20 14 28 21
682 510 99 71 84 14 99 18 67 1 57 87
683 194 91 25 23 96 33 63 34 8 88 83
685 869 41 15 46 99 53 55 98 59 90 58
688 906 15 19 42 90 41 75 44 74 92 3
689 35 15 52 93 27 86 5 41 52 54 62
690 59 35 92 37 28 90 11 73 24 84 77
690 608 43 83 39 77 36 53 52 30 88 4
690 755 63 76 22 22 70 44 51 61 1 61
691 290 36 67 80 50 69 89 96 82 57 100
693 502 78 17 85 50 49 3 81 79 64 75
694 282 43 62 68 88 85 89 1 33 22 56
694 590 2 68 8 4 98 83 11 74 61 11
700 970 92 29 33 99 69 13 18 57 94 42
702 623 85 7 66 24 35 64 24 47 38 98
702 796 18 40 40 55 36 5 26 76 47 58
703 480 37 22 68 76 8 88 88 27 76 18
704 553 62 10 40 20 67 79 66 97 24 88
704 652 6 21 74 72 26 20 9 21 92 47
705 282 80 57 31 59 93 40 36 18 71 67
706 265 21 49 66 85 99 10 40 4 12 36
706 435 1 72 100 35 57 18 84 76 89 23
708 88 68 2 15 1 59 44 80 79 14 26
708 334 29 29 22 9 67 32 23 11 18 77
709 139 36 27 49 2 93 99 73 90 54 98
709 193 93 84 94 89 24 60 89 26 25 1
711 918 78 51 24 73 51 59 27 40 98 89
711 960 63 14 15 81 26 53 35 31 41 62
712 471 27 81 32 42 64 92 38 20 26 71
712 915 81 36 61 51 98 37 46 95 31 12
712 932 100 97 38 78 61 18 45 33 41 36
714 558 3 81 22 45 88 79 90 49 42 88
717 453 99 62 88 12 81 25 61 65 40 9
717 596 81 24 25 62 41 60 58 11 26 36
717 902 63 82 50 44 84 48 47 3 61 71
722 929 80 73 55 95 3 91 92 78 58 89
723 289 33 88 6 55 25 82 74 7 14 28
725 228 4 19 20 68 85 61 13 32 81 15
726 612 28 95 2 9 22 23 14 100 96 11
727 796 31 99 100 95 8 11 32 52 76 2
728 119 5 42 55 97 100 12 5 1 5 41
729 664 42 14 30 87 73 80 68 37 54 23
729 881 88 4 81 35 5 5 70 7 26 8
731 611 52 22 62 34 64 40 1 92 71 89
733 224 88 95 80 73 67 9 45 49 9 95
733 892 2 3 14 43 63 4 37 61 84 20
734 22 75 12 4 1 36 81 19 69 90 16
734 240 18 85 99 72 8 37 97 23 51 29
734 378 10 96 79 42 69 37 98 60 51 96
738 123 92 46 71 65 9 59 95 8 51 74
738 189 72 81 99 47 45 25 93 47 58 1
738 949 44 8 54 54 66 81 37 96 18 12
739 25 56 67 59 76 100 86 48 17 47 86
739 26 3 99 30 27 69 68 95 97 69 28
741 113 34 50 49 100 73 96 45 60 78 13
742 94 16 23 51 36 7 83 69 95 81 37
742 639 38 25 76 48 15 6 30 41 77 72
742 691 98 26 19 82 8 56 41 18 69 19
743 746 22 2 17 82 67 51 40 83 78 6
744 373 3 71 13 98 53 69 64 76 18 60
745 0 88 72 35 11 78 39 90 85 76 36
745 945 38 42 77 64 63 58 65 52 61 61
747 393 12 65 31 36 3 20 49 98 79 61
749 922 62 68 31 98 65 28 23 73 19 29
750 564 29 13 50 19 28 62 23 78 28 4
752 294 74 55 65 10 40 59 24 39 65 56
752 328 79 60 72 98 52 20 39 48 80 79
753 190 41 45 36 84 45 56 13 34 26 78
754 768 48 73 76 85 46 15 70 12 78 88
763 488 95 11 97 28 31 39 23 68 89 1
764 451 42 26 7 29 57 99 23 53 17 29
764 641 26 6 73 43 7 72 31 83 40 56
764 803 98 11 70 96 77 68 85 21 80 71
766 274 18 46 84 67 31 56 74 8 41 33
767 436 90 78 75 20 75 33 65 100 47 55
769 189 97 35 11 51 4 60 19 95 68 92
769 631 99 100 93 43 79 38 52 14 61 17
770 844 99 94 57 94 85 94 87 45 100 6
770 891 58 19 51 40 28 81 13 66 40 41
771 370 64 74 34 61 51 71 20 42 43 84
772 165 37 79 44 75 58 3 45 75 86 8
772 230 45 30 86 44 76 61 51 8 31 36
772 353 79 84 25 73 59 1 1 92 21 34
774 274 79 78 36 26 72 49 48 95 45 13
775 535 93 72 14 5 6 41 7 89 82 78
778 788 23 15 72 27 76 53 18 9 16 5
780 50 15 32 20 58 27 98 73 32 17 84
781 867 2 44 29 60 46 8 73 11 55 82
781 892 14 90 11 34 33 71 83 26 97 41
782 60 48 67 37 92 40 29 28 59 45 32
782 482 55 100 6 69 86 86 92 48 62 80
783 2 32 57 11 61 79 23 70 63 24 27
783 681 20 39 89 24 84 43 94 70 37 1
784 73 10 97 24 11 28 96 8 60 77 97
785 331 11 73 31 32 56 14 9 29 41 88
787 154 55 14 17 17 47 60 47 77 33 97
787 743 5 81 3 13 31 79 10 35 68 30
789 861 37 71 36 86 16 45 21 28 32 14
790 805 28 33 90 45 45 71 4 93 60 67
793 722 17 35 56 48 16 37 2 49 100 7
794 396 43 75 46 13 27 11 95 90 33 61
795 326 25 1 33 80 97 85 4 35 64 71
795 355 69 94 26 59 70 35 79 6 36 28
796 296 70 93 94 80 50 22 45 21 85 43
797 900 70 77 67 94 70 12 55 64 39 99
798 520 82 72 41 1 42 86 16 99 83 81
799 4 18 52 19 50 40 56 48 13 9 7
799 127 71 2 36 46 82 6 1 75 15 87
800 717 68 100 43 67 79 27 14 25 32 1
800 733 46 22 57 53 50 49 29 85 92 93
801 51 54 17 47 29 8 85 27 77 24 20
802 536 85 28 55 46 87 96 89 26 14 24
805 500 60 33 25 83 56 54 15 31 88 70
806 655 96 97 62 28 19 10 76 92 26 94
807 540 17 80 83 59 19 16 71 79 19 98
808 293 69 17 58 47 28 66 53 50 1 50
809 145 25 94 20 60 96 92 72 93 59 56
810 470 44 17 3 45 35 85 42 20 83 47
810 833 69 55 21 78 78 63 89 36 69 75
811 209 77 19 98 6 18 30 71 29 95 25
813 771 10 68 55 37 24 46 2 98 80 61
814 402 73 71 53 26 73 56 71 6 11 3
814 786 51 5 76 33 73 82 84 82 14 86
815 699 96 57 48 17 32 81 100 97 48 61
815 833 87 49 43 13 29 62 50 73 77 81
816 285 85 71 20 26 38 47 66 37 15 11
817 299 72 53 2 8 86 22 22 7 52 89
819 382 97 95 97 6 24 49 62 6 100 94
819 960 41 15 7 10 28 24 17 98 53 36
820 14 48 45 9 21 29 3 80 16 69 57
821 315 50 42 5 89 63 69 30 13 30 15
821 328 49 59 68 48 5 33 56 2 76 22
821 655 11 50 44 99 47 26 40 81 23 88
822 571 97 3 29 59 95 92 53 82 81 37
823 128 98 8 60 39 77 15 4 77 83 43
825 69 47 100 72 58 77 53 79 62 16 62
827 61 93 90 2 94 3 17 86 67 1 24
827 446 5 65 32 38 72 27 7 38 49 92
827 774 47 42 68 61 68 97 74 95 25 51
828 687 19 57 34 100 30 2 69 43 42 99
830 15 23 54 52 6 22 36 73 76 71 28
830 218 60 30 42 55 21 48 42 20 20 79
831 155 2 62 56 18 80 12 94 1 26 89
831 999 88 54 33 16 71 73 77 74 15 4
833 781 81 48 65 59 61 8 27 29 81 94
835 189 61 86 55 94 18 1 49 90 50 71
835 305 35 14 64 88 49 39 47 82 96 9
837 809 20 32 88 81 52 29 3 67 52 15
838 775 13 24 18 90 37 77 55 21 51 49
838 856 12 73 40 78 12 34 1 62 49 16
839 430 43 65 51 59 70 55 27 69 95 43
841 837 76 19 66 22 81 36 38 83 99 36
843 135 71 99 34 88 44 68 86 13 39 54
843 270 3 6 47 10 2 12 8 2 60 5
843 361 41 52 87 62 4 76 26 81 91 6
844 812 54 17 43 45 5 5 30 26 68 11
845 586 33 8 57 30 49 6 41 77 23 72
848 347 58 65 14 73 31 23 35 38 98 90
851 783 10 39 6 92 51 52 80 15 57 74
853 844 8 46 94 27 100 60 49 3 48 21
854 184 4 76 76 1 62 86 24 22 64 53
855 49 86 29 22 33 21 24 22 18 20 88
856 277 68 55 39 35 24 36 87 74 58 83
856 973 95 78 75 84 62 84 24 4 85 72
857 243 42 29 30 82 100 72 38 34 57 62
857 304 46 78 53 92 17 31 78 89 59 86
858 606 75 3 94 71 53 76 2 83 33 26
858 607 51 81 56 44 29 6 85 34 1 98
859 752 54 29 73 34 97 77 31 30 39 98
859 890 40 25 12 76 15 39 86 22 53 7
860 260 43 52 80 34 92 12 96 30 16 95
860 811 77 91 63 52 37 90 76 34 15 31
861 44 47 45 48 65 74 95 1 75 71 33
861 382 17 45 96 98 31 79 16 30 49 27
861 532 71 89 14 61 99 77 42 67 27 55
861 963 67 14 18 86 30 97 96 34 38 26
863 137 91 56 20 50 13 27 34 55 98 17
863 822 21 67 63 7 66 77 57 18 46 32
865 4 65 70 31 89 72 51 54 50 26 73
865 74 13 13 28 45 96 30 64 67 13 9
865 569 83 70 15 16 31 92 41 74 90 72
866 944 6 55 45 48 48 45 84 1 33 23
870 369 88 53 55 35 25 10 50 58 100 44
870 568 70 83 15 74 74 38 16 64 71 96
871 846 28 94 67 90 45 67 17 13 93 99
872 275 1 72 53 75 70 88 11 8 86 88
872 366 61 11 74 27 55 81 93 65 54 40
873 603 23 73 69 87 15 74 34 73 40 51
874 893 25 36 82 22 7 31 54 91 88 79
875 634 66 24 7 41 23 64 48 70 64 69
875 887 81 27 49 21 58 53 78 9 89 3
876 749 27 35 76 10 7 79 55 27 1 27
877 460 44 33 7 15 70 67 76 67 3 77
877 889 38 60 99 90 100 40 32 93 47 50
878 527 72 60 62 97 46 98 69 95 84 29
880 330 90 66 4 79 2 54 40 21 9 74
880 639 59 89 69 22 70 58 79 64 71 71
881 332 30 98 91 29 12 42 70 43 97 79
881 445 95 16 57 2 21 81 43 28 76 46
881 658 86 100 59 75 46 69 95 80 99 51
881 874 60 67 21 42 26 57 71 26 29 29
882 535 100 33 58 37 46 57 85 56 1 11
882 892 28 74 58 87 68 80 17 79 32 55
883 369 98 58 10 4 13 71 62 32 41 35
883 805 27 91 73 83 77 97 70 48 21 87
883 965 18 93 3 50 25 93 26 26 10 49
886 693 28 8 16 9 81 92 68 73 14 77
887 996 35 96 6 62 69 53 52 27 35 88
889 102 92 18 83 73 53 79 7 14 75 69
892 29 65 74 26 53 1 64 95 46 17 100
895 52 47 12 6 63 96 15 68 12 59 97
895 550 8 69 4 73 54 59 63 28 95 18
897 347 35 99 72 55 53 46 67 32 91 77
900 242 66 98 43 1 10 24 49 77 40 20
900 685 12 95 73 49 2 6 14 21 46 49
902 79 54 68 19 74 83 4 85 3 19 94
902 834 10 43 24 22 37 96 97 39 51 9
903 93 58 81 52 89 58 73 76 34 77 38
904 752 75 20 1 92 36 57 90 25 41 36
904 871 97 30 33 38 63 54 80 72 25 58
906 123 9 81 84 36 47 32 46 87 9 48
906 271 49 91 44 25 12 26 31 91 78 69
910 988 98 3 48 30 26 100 9 12 13 14
911 642 19 43 63 66 47 14 70 2 9 80
913 987 64 6 55 87 37 86 13 80 2 21
914 135 65 60 90 4 43 77 84 43 21 45
915 272 86 35 39 84 26 51 21 97 91 35
915 303 60 11 81 51 88 85 30 93 52 86
915 401 45 10 60 8 94 30 39 40 21 58
915 609 15 93 95 52 79 53 33 65 5 93
916 99 95 5 4 12 81 40 88 89 72 42
916 495 77 10 55 1 57 20 63 63 19 34
916 719 31 58 92 45 47 23 64 59 100 28
917 378 80 86 42 30 29 72 45 25 51 81
917 961 58 96 20 16 70 19 39 74 13 7
918 457 68 53 91 100 50 68 67 52 68 24
918 659 5 79 95 81 100 83 90 91 55 23
919 894 48 82 89 69 37 80 94 90 91 65
920 84 65 80 75 58 22 78 72 52 88 35
920 784 42 37 98 33 41 32 95 36 41 99
921 307 96 63 36 60 81 24 10 79 6 36
922 441 11 66 8 93 16 10 19 30 46 89
924 285 53 22 8 50 28 84 90 32 28 51
924 916 71 33 6 84 37 98 69 88 91 87
925 107 18 86 56 100 39 91 52 62 55 15
925 400 79 98 93 66 62 77 18 88 24 48
926 238 68 90 45 9 45 86 26 89 69 53
926 563 16 36 24 5 52 32 42 67 8 17
928 707 68 69 89 41 71 70 38 7 97 25
929 956 42 18 47 72 25 85 94 64 33 63
932 248 84 89 36 12 25 75 73 51 6 52
932 318 61 65 100 64 49 49 22 35 2 55
932 523 97 32 86 42 48 65 89 26 93 40
932 650 62 3 39 86 43 68 55 39 23 4
932 716 99 19 80 80 100 80 47 97 65 26
932 763 96 70 65 43 13 82 67 1 48 63
933 76 5 99 49 58 73 57 38 28 66 79
933 86 94 39 36 65 34 74 30 77 95 79
933 466 88 35 59 66 89 26 63 16 40 90
934 996 45 86 40 21 97 24 13 57 95 50
935 511 22 57 76 42 12 91 2 95 88 83
936 104 58 38 57 23 92 73 53 17 2 72
936 260 73 74 48 8 83 62 52 85 88 86
937 338 48 3 3 94 38 10 50 50 56 33
937 460 35 60 68 41 93 19 37 53 4 43
939 688 29 31 63 7 82 65 92 2 76 60
940 97 99 99 21 1 58 11 68 29 25 90
940 420 97 4 29 82 64 20 78 25 8 48
941 162 85 67 11 23 40 91 14 48 71 11
942 554 11 6 62 15 86 16 79 26 86 27
943 582 73 14 90 26 37 7 49 41 43 85
943 953 44 86 92 91 91 74 73 9 53 97
944 144 40 60 68 26 88 38 82 55 42 3
947 758 54 3 21 51 62 15 41 48 67 21
949 682 61 11 22 26 48 89 53 81 47 39
950 895 27 83 11 56 24 50 93 3 82 42
952 125 72 57 21 41 65 100 2 61 34 30
954 534 22 27 42 6 41 56 53 35 39 33
955 276 7 25 32 80 81 9 69 26 36 31
955 587 81 77 48 89 27 20 67 82 49 30
957 309 84 84 50 81 12 93 54 43 81 93
958 930 61 10 81 22 100 64 61 36 95 84
959 321 22 27 59 14 45 53 52 99 9 71
959 702 89 71 76 46 3 99 50 34 49 80
961 690 39 8 54 60 53 56 14 68 56 74
963 494 15 24 61 8 75 36 51 17 67 14
966 907 64 72 15 90 57 55 28 89 65 89
968 988 2 48 13 87 44 7 84 17 24 74
969 139 74 90 54 26 89 69 77 97 89 4
969 866 15 19 71 25 69 46 56 60 55 83
970 483 28 7 17 64 42 60 19 82 45 45
970 893 59 81 74 18 35 24 6 43 48 67
971 121 58 30 55 40 82 60 42 65 44 34
971 914 52 35 6 20 76 86 15 72 99 43
973 375 86 76 3 6 99 52 56 65 71 88
974 684 18 25 6 10 48 88 44 33 39 50
975 855 97 11 90 4 18 35 40 71 91 96
975 990 21 29 69 24 11 84 76 75 47 50
977 426 78 6 59 38 8 11 28 83 51 34
979 64 48 98 24 89 29 15 74 66 2 36
983 325 30 42 38 36 87 31 17 88 84 70
983 575 6 78 65 72 64 41 1 36 24 80
984 656 20 26 91 63 62 90 3 34 90 73
987 741 45 64 27 99 21 35 21 34 68 62
989 311 88 15 69 94 54 3 9 38 1 74
989 751 100 8 99 77 82 24 29 34 35 99
989 882 10 82 77 36 53 47 100 91 75 89
992 492 92 95 26 99 15 80 13 77 85 89
994 297 18 12 92 92 85 22 23 7 24 72
994 777 31 96 63 52 75 34 15 53 73 64
995 645 99 6 24 98 32 81 33 15 29 13
998 953 7 87 12 1 89 40 88 36 44 56
