100 10
0 9 10 2 8 8 7 4 10 4 8 3
0 15 1 3 8 1 10 1 9 7 1 1
0 27 4 2 5 7 10 2 10 2 6 8
0 71 7 8 6 8 8 10 6 4 7 2
0 72 3 6 1 5 5 6 7 1 10 5
0 91 9 10 6 3 6 5 6 2 2 9
1 10 8 5 6 10 2 7 5 2 7 1
1 75 2 2 7 8 6 6 3 4 4 8
1 91 10 3 8 4 10 5 7 7 2 1
1 94 8 6 8 2 9 9 3 10 1 8
2 31 2 1 8 5 10 3 2 4 8 7
2 68 4 4 8 9 6 9 7 3 2 2
2 82 6 2 1 8 6 9 7 7 1 2
3 19 1 1 4 7 8 1 5 5 10 7
3 29 8 1 9 9 7 1 7 5 3 9
3 39 4 9 3 4 9 9 8 4 1 2
3 65 8 2 7 5 2 7 2 9 3 4
3 73 6 6 2 1 1 8 4 3 2 10
3 89 9 6 4 1 1 5 9 5 3 2
3 91 3 4 10 10 5 9 8 8 5 6
4 75 5 2 9 10 3 8 2 10 8 6
4 84 2 8 8 10 9 3 2 10 1 9
4 92 6 8 8 6 5 10 7 9 3 8
4 95 4 4 2 3 9 4 3 4 5 10
5 14 1 6 3 8 6 10 8 3 5 4
5 53 4 6 4 4 6 8 10 6 9 8
5 64 3 9 3 8 10 3 6 8 5 3
5 70 3 6 7 3 10 3 1 9 5 1
5 86 10 6 3 8 4 3 7 7 10 8
6 47 8 10 7 6 8 6 9 3 4 4
6 51 5 4 3 6 1 5 8 9 6 5
6 77 1 4 6 9 10 1 3 5 9 8
6 86 7 4 10 5 6 6 5 1 9 1
6 88 3 7 5 9 3 8 5 4 5 1
7 17 8 1 4 7 3 5 3 4 3 2
7 32 6 8 7 10 2 10 1 5 4 7
7 58 9 10 10 2 2 6 8 9 1 9
8 33 8 7 7 4 10 10 3 8 4 6
8 35 1 5 2 3 1 4 7 8 3 2
8 65 2 7 9 8 7 3 7 7 5 5
8 69 3 10 7 1 7 3 3 7 10 8
8 71 4 5 7 2 3 8 4 10 4 4
8 75 5 7 4 5 2 4 10 4 2 9
8 95 10 6 5 3 7 1 8 4 9 3
9 13 9 3 3 10 4 1 2 3 4 3
9 35 8 9 5 5 1 6 10 8 1 1
9 83 10 4 5 8 10 2 5 4 9 7
10 14 2 9 4 5 3 2 3 10 10 1
10 53 3 8 6 10 4 7 1 3 6 7
10 67 3 1 7 10 5 1 8 4 5 6
10 83 5 2 5 3 5 2 8 1 7 7
10 85 10 3 2 8 2 6 10 3 6 7
10 91 6 9 9 4 1 1 2 7 5 9
11 8 6 6 4 7 1 1 1 2 7 2
11 14 5 3 3 5 6 5 9 5 2 9
11 16 9 8 9 6 4 3 2 9 9 3
11 49 9 5 9 6 5 8 9 6 6 6
11 63 5 5 6 5 10 3 10 7 4 6
11 65 5 3 1 10 1 5 1 9 9 1
11 99 6 6 8 5 4 5 2 5 3 7
12 20 9 6 2 8 5 3 9 10 10 6
12 47 5 10 2 9 4 2 8 2 2 10
12 78 9 10 8 5 6 6 4 9 1 4
12 83 10 8 6 1 2 9 2 1 4 5
13 24 7 5 6 4 5 9 8 1 8 3
13 31 5 8 7 3 3 10 8 6 3 2
13 48 2 8 1 10 10 10 10 9 9 6
13 52 6 7 7 5 8 5 5 10 1 2
13 62 8 5 2 6 5 3 6 8 5 9
13 94 6 9 6 3 3 1 4 7 2 9
14 41 6 2 7 5 3 1 3 9 3 5
14 48 7 2 8 9 4 3 1 4 4 3
14 55 8 7 8 9 6 8 4 6 10 6
14 80 4 8 7 6 1 5 8 1 3 2
15 9 8 6 3 2 2 4 5 5 3 1
15 21 1 4 3 10 2 5 3 7 10 6
15 28 4 8 10 5 7 7 2 2 2 9
15 57 8 2 9 8 2 5 9 9 9 1
15 72 8 10 6 1 3 8 3 3 7 8
16 38 6 7 10 4 3 6 4 10 3 8
16 40 6 8 3 5 1 9 9 2 7 2
16 77 3 8 2 8 6 5 1 10 6 1
17 52 5 8 3 9 2 1 7 2 1 6
17 95 6 8 1 6 8 5 2 2 1 1
18 9 2 3 4 10 6 2 4 7 3 1
18 15 2 10 1 7 6 3 1 7 5 4
18 46 3 4 10 5 6 2 6 5 7 9
18 58 2 6 3 10 4 10 3 1 10 9
18 84 4 6 2 4 5 7 6 3 10 3
19 12 3 3 2 9 6 5 2 5 10 7
19 34 4 7 1 5 9 5 8 2 1 3
19 37 10 3 7 3 8 3 5 9 2 3
19 46 1 5 2 4 5 6 1 1 9 6
19 59 7 7 3 9 4 3 3 9 2 1
19 92 10 10 5 5 2 5 2 4 7 6
20 4 5 3 9 5 3 5 1 5 8 10
20 52 4 6 2 7 4 10 6 4 9 8
20 72 7 9 8 8 10 2 2 1 9 7
21 23 2 9 1 6 6 7 9 8 7 8
21 49 3 9 1 9 10 4 9 8 7 6
21 51 7 8 3 8 9 6 3 6 10 9
21 55 2 2 8 7 8 1 1 5 7 5
21 83 6 3 10 3 5 7 2 10 3 4
21 85 6 9 8 7 8 4 8 10 3 9
21 92 7 8 3 3 8 8 5 9 7 6
21 93 2 9 1 4 7 5 8 7 3 2
21 99 6 7 9 4 1 1 10 9 2 7
22 2 9 7 9 7 6 5 9 1 6 5
22 39 8 2 1 2 6 3 5 6 3 1
22 42 3 9 6 4 3 5 9 1 10 2
22 51 10 5 9 9 5 6 8 4 9 1
22 52 9 4 10 4 9 2 8 9 5 8
22 54 5 10 8 1 10 1 10 5 6 10
22 68 3 7 5 2 9 10 8 9 5 5
22 74 6 4 5 10 2 5 8 6 7 2
23 7 3 5 5 8 9 8 4 3 6 7
23 11 9 1 7 2 4 3 9 1 3 7
23 32 2 4 3 3 2 5 7 5 1 6
23 39 4 10 3 8 5 9 9 1 5 9
23 40 3 5 6 10 7 3 6 3 2 10
23 47 10 2 8 7 4 1 10 6 7 4
23 64 2 6 5 6 4 7 3 9 3 6
24 19 6 3 4 8 4 9 1 5 2 8
24 35 2 1 9 8 6 7 4 6 1 2
24 60 4 2 1 3 3 2 5 1 8 2
24 99 1 2 6 3 4 9 6 9 3 9
25 50 3 7 7 5 3 2 1 1 3 3
25 96 3 9 10 10 10 3 6 9 10 3
26 15 8 2 3 1 3 7 2 10 9 4
26 21 2 4 3 7 4 2 8 5 4 7
26 29 6 6 9 6 10 9 8 9 4 6
26 49 5 8 3 4 3 1 4 1 4 9
26 87 9 7 7 4 10 2 6 8 7 2
27 17 10 7 9 7 7 3 4 8 2 3
27 20 7 7 3 8 9 4 2 8 10 9
27 57 6 4 7 7 4 2 6 7 6 5
27 69 1 1 9 10 8 8 3 7 4 6
27 70 8 9 8 2 5 4 7 10 8 1
27 74 7 6 10 1 7 4 2 8 8 3
27 86 7 4 1 7 8 10 6 3 5 3
28 29 4 1 4 9 1 2 8 4 4 4
28 33 3 7 3 8 7 9 9 3 9 6
28 38 2 9 5 8 10 7 1 5 5 3
28 63 3 9 1 10 1 1 4 4 2 1
28 77 8 2 3 8 3 1 1 4 10 6
29 0 6 2 2 5 3 9 2 1 6 1
29 1 5 7 8 8 1 10 2 1 1 10
29 15 7 9 1 2 8 7 10 5 1 6
29 44 7 4 10 2 5 8 10 10 6 6
29 52 8 6 9 2 1 10 8 3 7 8
29 64 6 5 7 3 9 3 8 6 6 4
30 32 7 10 5 2 6 4 9 3 2 3
30 37 10 9 5 1 1 6 8 7 10 1
30 68 3 9 1 9 10 3 7 2 8 2
30 75 10 2 10 4 5 1 4 1 7 6
31 3 9 10 1 8 7 2 9 8 8 2
31 32 2 6 4 6 4 5 6 4 9 10
31 35 3 3 10 10 4 6 4 3 8 1
31 37 10 6 5 2 1 9 6 9 3 6
32 39 3 10 9 2 2 10 2 2 9 8
32 46 5 1 7 3 2 6 4 9 1 3
32 58 5 8 9 2 6 7 1 9 6 6
32 60 9 5 3 10 8 4 5 3 7 6
32 83 4 8 3 5 8 3 4 4 4 10
33 13 8 7 6 4 9 2 7 9 10 6
33 28 10 4 10 7 1 8 1 6 4 2
33 39 9 9 6 9 8 5 9 3 9 9
33 40 5 6 8 10 5 2 10 7 9 1
33 44 2 6 1 6 3 6 6 6 1 5
33 56 6 2 8 6 10 10 4 1 9 1
33 65 6 10 3 6 3 4 6 10 10 9
33 71 8 2 6 10 6 5 1 3 1 6
33 75 5 6 4 1 5 1 8 1 3 5
33 76 9 2 2 10 7 5 3 8 2 6
33 83 5 4 6 10 3 7 2 6 6 2
33 89 8 10 4 3 1 6 9 6 7 10
34 19 10 2 6 4 9 7 1 10 7 10
34 22 7 8 5 8 6 1 2 5 2 4
34 30 2 9 9 3 7 2 7 7 6 5
34 74 3 2 2 4 1 4 3 8 5 2
35 14 9 3 7 6 8 5 7 1 4 8
35 23 10 10 4 3 4 9 7 1 1 1
35 33 8 6 8 6 9 8 2 5 1 10
35 60 8 8 1 6 6 3 10 10 3 10
35 64 6 3 1 5 7 9 1 2 9 4
35 81 9 1 7 2 9 1 3 4 3 1
35 93 4 7 6 7 3 10 1 6 4 9
36 23 8 7 5 5 2 7 9 7 7 2
36 50 10 2 9 1 6 1 2 4 9 4
36 81 3 6 7 1 8 9 4 6 6 10
36 87 5 2 2 5 9 4 1 8 8 8
36 91 2 6 3 5 7 10 3 3 3 9
37 11 8 9 9 5 6 10 8 4 7 4
37 15 1 8 5 1 7 8 3 2 7 10
37 29 8 3 9 5 10 6 4 1 1 4
37 35 9 9 4 8 8 8 5 1 10 1
37 47 2 7 2 7 3 6 5 1 2 4
37 64 5 9 3 1 6 1 2 9 3 10
37 90 7 2 3 2 10 3 1 6 1 10
37 92 8 5 5 8 7 9 4 6 7 1
37 94 3 4 9 1 7 9 10 5 2 10
38 18 1 6 4 1 4 2 5 2 2 6
38 19 10 10 3 9 6 5 6 1 9 10
38 75 5 5 3 3 2 7 3 2 4 3
38 76 2 6 9 7 2 6 5 4 8 1
38 95 7 9 6 5 2 6 8 7 8 9
39 5 6 5 3 1 2 4 10 7 9 6
39 44 5 7 6 4 9 8 8 8 7 3
40 14 8 2 5 7 3 10 8 6 8 9
40 16 9 2 4 7 8 4 8 10 1 6
40 26 9 2 4 1 2 10 7 4 8 7
40 46 4 4 7 6 7 8 2 6 3 8
41 65 2 7 1 5 10 3 3 8 9 8
41 95 4 4 3 3 5 6 8 4 1 2
42 89 4 8 6 1 10 7 3 2 7 2
43 51 1 2 1 8 5 4 3 10 3 10
43 67 1 8 5 6 7 4 4 9 9 5
43 78 10 6 8 8 3 2 3 4 5 8
43 93 7 1 4 2 5 4 7 6 4 7
44 17 10 2 5 3 1 7 5 2 5 6
44 25 2 10 6 9 3 7 6 6 1 10
44 59 9 1 10 6 6 2 8 7 9 8
45 2 6 6 9 7 8 4 8 7 10 2
45 23 5 3 8 7 5 8 5 5 10 3
45 24 10 1 6 4 5 4 3 3 3 9
45 28 2 4 9 3 9 2 8 7 5 10
45 51 6 10 7 3 10 3 3 8 4 3
45 56 2 1 8 8 6 9 4 4 6 8
45 65 6 1 3 10 2 9 3 7 9 3
46 28 8 4 6 5 6 1 5 8 6 6
46 36 10 8 3 8 10 10 9 5 3 4
46 41 3 10 6 1 8 4 7 10 6 4
46 69 8 10 4 4 10 2 6 10 9 5
47 13 5 7 10 10 9 3 5 8 6 4
47 32 8 10 5 7 1 9 2 10 6 6
47 38 7 3 8 4 8 9 4 6 8 1
47 71 5 10 4 9 10 4 2 5 7 5
47 76 7 6 9 9 7 7 10 1 1 8
47 81 5 1 7 7 5 2 3 6 2 10
47 98 10 7 2 6 10 3 7 7 3 7
48 14 4 5 1 7 3 9 2 10 6 10
48 74 4 6 4 7 4 2 1 9 8 3
48 94 5 10 10 3 10 1 5 7 7 4
48 97 6 7 3 10 2 1 3 9 3 8
49 5 1 1 1 4 2 2 8 1 2 2
49 8 9 7 10 3 1 6 6 8 2 4
49 9 10 2 9 8 9 7 3 8 7 6
49 29 2 10 7 1 1 10 8 8 8 8
49 42 4 2 4 7 9 9 10 8 2 1
49 67 10 6 10 10 6 9 7 4 6 3
49 68 1 3 7 4 1 4 3 6 2 10
49 92 7 2 9 7 9 1 9 5 1 4
50 31 1 5 4 10 10 4 9 2 9 5
50 94 7 2 8 5 10 8 7 5 3 5
51 6 2 1 8 5 3 10 10 7 1 3
51 7 7 9 2 4 6 7 10 9 4 8
51 16 5 6 2 6 3 7 9 3 6 7
51 45 7 5 7 10 4 6 5 5 1 5
51 47 2 4 4 4 8 5 8 3 2 2
51 88 3 2 1 4 5 10 9 3 9 3
52 10 4 8 5 5 2 9 5 5 2 7
52 25 4 4 6 3 10 10 6 2 2 2
52 32 7 9 3 3 5 7 5 10 1 6
52 41 9 6 10 3 8 5 6 10 10 8
52 64 6 3 4 8 8 6 4 4 2 3
52 77 3 2 9 8 8 9 9 9 2 9
53 23 6 3 3 2 1 5 8 7 9 3
53 32 6 10 3 4 9 1 8 1 9 5
53 63 3 2 2 2 9 9 3 3 2 5
53 68 2 10 10 9 7 3 10 2 1 4
53 79 8 1 6 8 6 1 7 9 7 4
53 89 8 1 4 5 9 1 5 7 7 5
54 17 10 9 7 6 3 1 8 10 8 6
54 24 10 1 2 4 5 5 5 3 7 1
54 29 3 2 6 9 4 4 2 9 7 2
54 53 7 9 4 5 9 8 9 2 4 6
54 56 9 1 9 6 2 9 4 1 8 5
54 64 10 7 4 10 3 2 8 3 4 8
54 75 1 10 8 10 5 10 1 3 10 7
54 93 9 6 9 4 1 2 6 7 8 2
55 18 9 1 8 4 9 6 9 10 4 9
55 53 6 3 4 10 5 10 4 8 7 10
55 56 5 7 3 5 3 9 3 1 6 7
55 57 6 9 10 10 7 8 10 10 9 3
55 61 1 5 7 3 2 7 2 7 3 3
55 62 9 8 2 8 8 6 8 4 7 1
55 82 1 4 7 3 6 1 8 1 5 9
56 8 9 5 8 10 7 3 2 2 5 9
56 57 4 1 3 1 8 9 10 8 10 4
56 59 7 5 7 2 3 7 7 6 6 1
56 75 5 8 1 4 7 6 7 3 1 7
56 79 3 6 7 1 4 8 6 4 4 6
56 87 9 5 3 10 8 2 7 8 5 9
57 16 5 4 8 4 6 4 6 7 5 7
57 47 3 3 4 1 10 7 5 3 7 7
57 55 6 7 8 1 7 2 2 5 2 2
57 77 5 10 9 9 1 7 7 1 8 10
58 6 6 7 10 6 1 4 9 8 3 8
59 53 10 1 2 9 4 8 5 1 3 3
60 14 3 3 4 3 9 1 4 1 5 2
60 26 4 1 5 6 6 3 1 7 6 9
60 36 5 7 2 2 9 2 5 7 7 10
60 47 5 7 8 3 5 3 6 9 2 3
60 64 3 1 4 1 7 8 6 2 10 5
60 68 4 10 9 7 7 6 6 3 5 6
60 73 6 4 9 10 8 3 1 8 5 7
60 87 8 10 7 7 3 6 2 3 3 2
61 23 2 10 9 9 9 10 7 3 8 7
61 28 10 1 6 2 9 6 7 1 7 3
61 32 3 2 4 8 7 9 10 2 7 8
61 36 8 1 8 9 4 1 6 10 8 5
61 39 7 7 3 8 2 9 2 5 8 9
61 63 6 1 7 3 4 4 1 2 2 8
61 83 2 10 4 2 3 4 9 10 2 7
61 87 9 10 1 6 10 1 7 5 3 9
61 90 9 5 5 6 3 7 8 2 2 4
62 36 6 4 4 2 10 5 2 2 6 5
62 37 10 7 1 2 1 7 2 6 10 7
62 55 3 7 5 10 2 5 5 2 8 3
62 57 8 10 2 7 4 6 7 5 4 7
62 68 2 8 4 2 4 10 6 4 7 5
63 4 4 4 6 4 2 4 9 10 5 8
63 5 4 9 9 4 1 1 4 2 2 3
63 45 4 3 3 6 3 6 8 7 2 9
63 75 7 7 5 9 4 2 3 2 9 10
64 21 4 1 2 10 9 9 4 2 9 1
64 40 7 6 2 5 7 6 1 2 4 10
64 57 8 9 5 8 10 10 4 8 1 6
65 35 9 9 5 8 3 10 6 2 9 10
65 50 5 9 10 2 2 2 1 6 5 4
65 75 6 7 6 10 1 5 1 4 6 8
65 90 9 1 10 5 5 6 7 2 7 8
66 18 9 5 1 7 10 7 6 4 10 10
66 24 1 4 8 2 5 5 7 7 8 6
66 26 1 7 1 8 8 3 8 7 3 9
66 90 4 1 9 1 4 3 1 9 7 2
67 0 10 10 6 4 3 4 6 2 1 5
67 24 8 1 10 4 1 7 3 1 3 8
67 31 6 8 9 9 8 1 6 10 8 10
67 39 2 9 8 7 4 8 6 4 4 8
67 50 7 9 10 8 6 9 5 10 1 8
67 60 6 10 8 1 1 10 7 10 6 2
67 62 1 6 2 9 6 7 8 4 10 5
67 80 7 3 3 2 5 2 7 8 8 3
67 92 1 2 1 5 5 8 4 2 5 8
68 3 5 4 1 8 2 7 1 7 3 10
68 49 2 5 6 6 3 8 2 5 10 2
68 75 3 4 5 10 4 3 6 1 9 8
68 88 6 8 2 9 5 4 3 2 2 2
69 4 8 4 7 6 9 2 9 3 1 8
70 2 7 3 6 3 10 6 4 7 9 7
70 43 9 9 4 9 9 7 9 9 7 2
70 45 7 7 6 8 8 2 8 7 6 5
70 78 6 9 9 9 5 2 6 1 9 2
70 89 5 1 3 2 9 9 4 9 1 1
70 90 9 9 7 2 6 8 5 6 9 9
71 25 5 6 9 7 8 6 3 1 7 6
71 40 4 2 9 10 3 2 1 3 3 2
71 70 5 6 8 4 8 3 6 3 3 1
71 76 6 6 5 6 5 8 7 1 5 1
71 78 10 10 9 2 6 9 10 3 5 8
71 88 10 10 3 1 1 3 4 7 4 1
72 8 6 10 5 4 5 5 7 10 5 1
72 35 2 2 3 5 3 4 9 6 8 8
72 45 5 1 8 2 6 7 2 9 5 1
73 6 9 6 6 1 10 3 3 9 10 3
73 13 9 4 4 4 4 4 3 5 5 3
73 23 10 5 8 7 3 2 8 8 8 9
73 24 10 5 9 9 6 8 5 5 3 1
73 71 1 5 4 6 1 8 6 6 6 2
73 74 5 10 5 7 4 2 7 1 3 7
74 15 9 10 3 5 4 2 2 10 7 2
74 31 1 2 2 4 9 10 2 1 2 3
75 18 9 5 6 4 6 10 7 9 7 9
75 39 9 1 10 1 8 1 6 6 3 10
75 51 10 6 9 1 10 8 9 10 3 2
75 88 3 5 6 1 10 10 6 10 4 9
76 44 6 7 7 7 8 2 10 3 2 2
76 49 2 4 6 10 3 10 10 2 7 1
76 70 3 2 5 8 5 5 8 1 6 3
76 87 1 7 2 9 3 3 6 8 8 1
77 9 9 7 10 3 3 7 4 3 5 6
77 20 6 6 7 8 9 2 7 3 1 9
77 42 1 2 6 7 6 2 3 1 1 1
77 46 3 1 6 1 4 5 6 9 2 8
77 70 1 7 1 9 3 4 1 4 1 10
77 90 10 5 10 2 4 6 9 2 10 2
78 18 3 8 5 5 2 4 4 1 3 9
78 24 1 7 5 3 9 7 6 2 10 7
78 30 6 2 1 6 2 10 5 9 6 6
78 41 7 3 4 5 4 5 4 2 5 1
78 42 9 1 2 9 6 2 7 3 4 5
78 51 6 2 1 6 7 6 6 9 6 6
78 55 6 5 5 10 9 9 4 7 7 4
78 57 10 2 8 2 4 4 6 8 2 9
78 77 4 1 5 2 5 3 9 6 7 1
79 15 2 10 2 1 6 4 2 8 8 7
79 16 2 3 1 2 7 4 10 5 5 2
79 26 8 6 6 4 3 10 7 4 7 7
79 33 3 10 3 10 10 1 9 6 8 4
79 38 4 3 3 3 9 5 9 8 5 1
80 20 7 4 4 3 2 3 4 5 8 4
80 26 5 2 3 3 8 10 7 9 7 5
80 38 8 1 3 9 4 3 9 10 3 6
80 61 10 2 1 3 1 5 3 7 5 2
80 62 2 6 2 8 10 10 6 3 2 3
80 93 2 5 4 9 10 10 10 7 8 3
80 98 1 3 7 8 5 8 3 7 6 6
81 42 8 9 8 2 7 3 6 7 4 2
81 47 10 5 4 9 10 2 5 1 6 4
81 49 6 3 6 5 1 10 4 1 10 1
81 78 3 10 10 9 2 1 2 5 4 10
82 0 5 10 3 3 4 8 6 3 2 7
82 20 10 1 1 5 8 6 6 5 2 9
82 39 2 3 2 8 1 4 5 3 9 9
82 56 2 2 9 7 10 5 6 1 4 8
82 79 2 4 8 2 8 2 4 8 5 5
83 23 3 10 6 7 10 9 7 1 8 6
83 48 5 7 6 7 2 10 1 4 4 2
83 63 8 10 7 4 6 8 3 7 4 5
83 70 2 4 5 3 8 6 8 3 7 3
83 81 2 7 7 4 6 4 7 10 6 4
84 77 10 2 6 5 5 2 6 8 9 7
84 86 10 4 6 9 1 3 4 4 8 3
84 98 4 4 3 1 8 8 9 5 8 4
85 11 1 2 8 10 7 9 1 4 10 6
85 61 4 2 5 10 1 7 7 7 7 2
85 80 6 6 2 9 9 10 5 5 7 4
85 95 4 8 7 5 1 7 3 10 6 2
86 31 4 5 5 7 3 8 9 10 1 10
86 45 8 8 6 9 10 7 3 4 3 7
86 97 4 5 4 7 9 3 4 8 5 10
87 13 7 2 3 10 1 8 1 2 2 9
87 31 10 8 9 6 3 8 4 7 8 5
87 33 10 9 5 9 8 1 4 6 9 4
87 58 1 1 2 7 4 9 2 3 3 10
87 84 3 3 10 3 1 1 10 5 8 10
88 19 9 6 9 6 1 8 10 4 3 5
88 22 2 3 4 9 6 1 7 5 4 10
88 50 2 8 4 5 7 3 8 1 1 2
88 63 4 9 4 4 10 7 5 3 8 2
88 86 8 10 10 8 5 10 4 2 1 4
89 1 9 4 3 5 1 3 1 7 4 7
89 53 3 4 8 2 6 3 4 8 7 1
89 68 5 2 9 1 8 3 1 7 2 8
89 77 3 3 3 5 7 8 10 4 1 1
90 16 5 5 3 2 3 6 5 6 9 8
90 20 7 9 8 2 4 10 6 9 4 2
90 22 5 8 6 10 10 10 9 2 6 6
90 33 4 7 4 4 3 5 6 9 6 5
90 64 4 8 2 7 2 9 4 2 6 7
90 70 10 1 5 1 5 8 5 4 4 10
90 84 4 9 8 7 5 10 8 1 3 2
91 14 7 2 3 10 5 7 6 3 5 9
91 21 5 3 2 5 9 10 3 2 4 7
91 32 1 9 9 10 3 4 4 1 4 1
91 40 3 9 6 2 9 1 10 10 6 10
91 52 8 4 7 10 4 10 3 5 7 6
91 61 8 8 3 7 4 5 7 5 9 8
91 75 9 6 10 6 8 1 2 8 5 2
92 18 8 1 3 1 3 8 2 6 3 1
92 20 2 3 7 2 3 9 4 3 10 8
92 27 9 1 8 2 8 6 4 9 7 5
92 28 8 8 4 9 6 2 8 3 10 3
92 62 10 10 4 3 9 3 9 7 7 6
92 77 6 7 9 8 1 2 2 8 6 10
92 79 10 9 8 2 6 9 10 3 9 5
92 83 6 3 3 7 9 2 1 10 5 5
93 0 3 5 8 10 2 8 7 8 10 9
93 3 4 2 9 10 4 2 1 1 9 10
93 6 1 5 1 3 2 6 4 2 8 4
93 15 8 2 9 1 1 9 1 8 7 6
93 21 4 1 6 2 9 3 9 9 1 8
93 53 10 2 8 10 7 9 3 9 10 1
93 92 3 5 5 2 3 1 9 6 10 2
94 7 9 4 8 9 2 2 5 8 10 1
94 20 3 1 4 7 5 10 6 6 9 5
94 25 4 3 2 9 7 4 7 5 1 9
94 31 2 9 1 4 10 5 10 4 6 9
94 38 10 8 10 5 8 7 7 1 3 5
94 51 8 7 6 10 10 6 7 10 10 3
94 85 10 1 4 9 7 9 5 3 5 1
94 88 3 3 2 5 5 3 3 6 9 6
95 6 9 1 9 10 6 9 8 1 1 2
95 12 5 3 4 10 8 5 9 5 9 9
95 13 7 9 10 3 9 1 8 1 8 8
95 53 5 8 10 8 6 9 4 4 3 2
95 59 8 6 4 4 3 7 10 4 4 10
95 80 9 8 9 9 8 8 9 7 9 9
95 83 1 8 6 3 10 3 4 8 9 2
96 1 4 8 1 10 1 8 6 8 10 4
96 17 10 3 5 9 4 1 8 6 1 8
96 49 8 4 9 2 4 2 5 7 2 8
96 67 8 1 2 10 4 4 2 8 4 7
97 63 9 1 3 10 7 8 8 9 7 2
97 82 10 2 5 8 6 3 3 9 8 7
98 23 10 8 4 5 3 6 6 1 6 9
98 25 9 7 7 3 8 4 2 5 10 1
98 53 4 9 3 8 7 9 1 10 8 4
99 11 8 9 10 4 7 9 6 3 3 7
99 29 2 2 8 10 9 7 7 6 9 10
99 31 3 5 5 7 7 3 8 3 10 2
99 81 2 6 7 5 4 6 4 2 3 7
99 89 5 2 9 9 7 8 2 2 10 9
99 96 1 5 7 2 10 5 1 7 10 10
