1000 10
0 283 7995 2651 1508 3490 3972 3634 5223 3352 2421 2652
2 615 6481 4199 7884 3145 7276 6433 2449 1998 6443 9834
5 521 942 513 1558 7334 4250 6412 617 4997 8808 6685
7 701 1150 29 9130 6751 3060 317 6842 8826 8952 855
8 596 217 7476 3827 9980 9068 1593 8936 1638 7023 5750
9 66 6707 7868 8236 9795 1998 3766 6452 6091 2306 9464
9 140 164 2200 3103 4979 4978 107 6017 5105 6788 9517
9 435 2311 5630 7790 8549 9528 4190 1127 923 6659 9860
10 35 1549 3791 7094 2865 8376 7456 766 2802 8470 7173
11 275 4545 737 227 4416 1768 6956 4876 7685 5220 3747
11 978 258 724 6742 7937 1788 5707 7330 986 5743 2813
12 55 7794 2607 9981 5425 3169 932 8538 6428 4062 3399
13 819 6171 8684 4318 373 1020 8000 3419 921 1820 3667
14 502 7358 6118 5050 665 9801 857 4657 5926 2906 9576
14 929 6147 8138 3423 2763 2844 7832 4589 7075 3150 4046
15 112 3615 3834 2557 1926 7003 1376 2479 5465 384 1256
15 356 2694 8206 6564 1508 5704 8694 1915 4295 3077 2148
15 433 8419 2116 8668 6835 7731 9932 1934 958 5992 4011
16 404 1888 9244 132 1984 9471 8620 9919 1863 1273 8999
18 284 8694 4169 4739 5887 6188 6409 4596 7664 6158 9485
18 565 720 1680 3048 6317 7849 1144 7844 4719 4675 1173
18 892 2917 5321 7689 8287 9676 2543 1473 7698 4857 5308
20 93 8735 9341 6837 460 8399 9318 4533 5429 7138 8684
20 586 9133 9716 3226 108 3436 1348 7155 2445 4646 1403
20 627 7211 6642 7461 74 9588 7427 2118 7659 2953 799
20 851 8160 6180 7934 107 582 8166 4328 4331 466 2298
21 240 6212 3330 8781 3716 7385 6761 489 1873 733 2120
21 311 3177 9741 9612 8404 6810 2587 87 8306 8223 3957
25 11 2455 2959 657 6367 7960 2524 6158 9474 3468 8925
26 565 6663 260 4512 9331 4588 4786 9737 2306 5850 8572
26 783 4691 3039 2563 3395 4068 6323 6 8318 4729 5918
30 330 770 6640 4537 1846 5086 3389 7337 9156 3419 6115
30 992 5802 5378 7199 3546 6633 9930 7853 4085 3273 2663
31 204 4773 1844 1265 6921 8082 9151 4824 7126 95 9789
32 318 1412 1613 3136 8605 3880 6020 9519 3560 9469 9482
32 802 8956 6835 2695 1631 4514 9755 8784 5776 9843 7206
34 291 7342 6955 5027 4995 2771 310 4419 7947 8040 1700
34 669 1201 2625 9494 518 4 4748 5248 8316 4180 7530
36 370 2125 8552 8205 6981 6542 4534 8286 1507 2439 1807
36 495 7943 603 9307 2898 8767 6042 2304 4443 4611 3660
40 642 7517 415 2306 9278 5275 7117 3557 3364 9372 6895
41 310 9962 966 3808 1991 5493 7377 2197 2923 9492 6595
42 228 8350 2946 3038 184 7874 4575 7200 1016 3640 3536
42 565 4993 9596 8545 6579 7122 3512 9591 6517 3500 24
43 183 1492 9262 2952 9877 7693 231 285 1937 6078 2450
43 360 8881 8493 537 5293 6336 7102 3681 8331 2436 549
43 722 9658 342 5803 6554 6520 2841 2684 5947 2556 9727
44 926 2037 1135 9632 5567 878 6650 2725 2527 3636 2215
45 394 3385 6330 1810 3966 8601 6039 1626 9917 1869 8234
47 87 1401 980 156 3842 4687 3008 3583 4888 4802 8943
49 101 8478 688 9558 1545 969 778 3898 5194 481 4027
50 538 4066 3798 2931 7571 6938 5043 380 2169 3950 5405
51 201 7019 6300 890 7280 7974 2174 9185 1403 8567 249
51 944 4445 1619 452 7679 7705 6772 9811 7185 2901 9775
51 958 9556 2678 2989 2562 2777 6912 21 2801 915 6137
52 199 2655 6525 6570 1893 9365 3474 9332 9585 9605 2589
52 284 3518 223 4007 3403 4502 3049 9054 5162 5424 2955
53 593 8261 4997 1140 9071 8497 4805 570 9653 6970 8680
54 217 8339 395 5305 1272 1780 8563 7954 7551 5097 6307
55 513 542 5758 9286 4318 9580 5546 9700 6275 9126 8452
57 111 6222 7026 1051 1833 2824 2026 9949 9962 1380 3674
59 492 5846 7274 7699 9474 6870 5769 4791 5196 3309 9798
60 72 8312 1278 4229 1428 1965 1728 8111 9499 8676 1331
61 78 8653 340 1242 5930 5932 7703 7494 3234 9193 1632
61 330 411 501 335 4768 5834 6517 4374 1557 1953 5634
62 192 435 4622 711 3231 3785 4595 6443 2414 480 2644
62 376 9389 9597 4873 7860 2099 285 134 5095 7628 66
62 748 8173 2940 3192 2350 9606 2670 9157 6996 5844 9584
63 713 212 9037 5773 2891 1905 3573 5988 5035 2890 4213
67 748 3176 1676 6281 4763 2674 8346 2188 8255 974 7840
68 84 7615 8076 6367 734 7807 3793 47 4040 7427 9840
68 873 2555 478 4024 8987 9271 2964 8104 4370 1568 6944
69 852 7928 171 1192 4999 8759 7925 9585 4355 4872 5102
72 120 3015 2285 5897 8254 7172 6812 3551 7316 142 5800
73 306 8798 2448 1348 6243 6615 9706 6164 8874 2791 7225
75 822 2176 369 5666 9332 9630 1656 3274 6425 7995 615
76 293 5432 4562 9766 7122 4983 8122 5021 6416 2555 4487
77 172 543 1840 1213 8433 1755 3342 9141 6796 5604 2771
77 536 9418 8154 4014 346 1901 8058 9274 3334 6453 6901
79 600 6864 2996 3328 5023 4618 2427 5557 8458 4879 6308
79 652 1804 3459 6652 5048 9251 5509 775 1458 4801 3413
79 981 9062 5545 6147 2682 3756 4358 2612 5680 7473 3814
80 772 8969 5549 7451 6843 1272 4919 4591 5636 218 5702
83 487 5956 3592 4407 261 9056 443 3523 3275 7469 466
83 844 9817 8125 2361 5324 4508 3064 587 4561 8402 2771
85 645 8565 1487 571 6056 5997 5368 9697 5563 7283 8106
87 365 2746 3149 3859 6519 3155 8767 9459 8448 5432 2218
88 169 9994 7687 6560 4401 5167 8916 4656 3758 533 9063
88 401 1676 71 7985 2413 7655 6947 838 3371 5549 4503
89 207 7975 8332 9101 9939 9577 6085 4241 7332 8396 8576
89 594 5418 80 2977 5800 6941 8626 6420 7797 6092 1099
89 636 6471 6038 6132 1566 7443 2696 1778 2753 7250 383
89 763 1863 5967 1125 5043 2060 354 3156 6752 9811 9945
90 409 8671 3150 5765 1879 5843 7611 7031 6971 1670 7184
90 430 2770 283 2281 8548 5863 2356 6007 354 7296 4651
91 68 3078 1988 4807 5706 2291 9749 7751 4899 4761 7827
92 451 3284 2437 425 4645 298 2719 869 1189 2687 1483
92 941 5176 4371 1504 4759 6359 2239 7676 1679 5696 1680
93 680 5733 7822 3721 7938 6191 9782 9417 5897 7433 8693
93 724 3141 8453 472 9936 7583 1460 2074 4125 2545 1133
93 768 4192 2321 4593 6846 3766 4318 3106 6890 525 7364
96 200 195 9872 1677 8478 3557 3020 4674 5122 2256 6635
96 225 2779 3768 2738 2594 9655 9577 2252 1249 1633 6297
97 485 9776 9440 4276 2523 4962 6152 5191 4195 7013 62
99 320 8959 4870 9461 366 8852 9203 6261 7656 3629 84
99 666 8375 878 2596 8103 3812 5849 2364 3847 5550 7825
100 584 7513 7102 1538 5754 5168 2277 3913 4892 8049 6
101 733 3193 8247 1759 9733 6668 893 4827 6815 5117 4895
102 913 6139 9340 5404 1558 1594 2620 7768 1676 9341 5049
104 312 4258 2013 7750 4128 4416 1215 2505 2823 6639 5283
104 896 5986 2929 9325 9044 7710 2702 4204 376 5698 6511
105 392 6678 7460 348 1366 6340 4848 7396 3004 5808 8372
106 646 2878 8737 4644 3759 4231 5852 6766 7368 2480 9336
107 526 8774 5840 4046 6240 4951 1393 3966 9181 7273 5891
107 938 492 5499 5797 4040 7064 2193 9114 275 963 1601
108 503 8276 7621 6977 7046 2094 6616 7441 1259 1565 2675
109 532 6560 6083 2355 2486 143 5604 6611 2607 8564 2563
110 344 1157 8490 5853 2859 6610 461 8580 2076 6774 1920
110 562 4834 8183 2452 5124 8693 8443 2916 4576 2719 7804
113 457 6068 4059 4392 3296 6900 5212 9732 9129 4592 963
113 528 7976 8694 6954 9485 4334 2200 5597 7336 9959 6057
114 968 4480 9670 6132 8528 6784 4939 6707 8111 8837 593
115 720 3012 1662 3297 7119 2162 6747 9826 2324 410 1902
117 861 7105 5701 6354 5452 9026 525 7431 5999 5100 7540
118 130 7702 9983 6910 2776 5426 4023 4256 9207 4597 8467
118 901 3501 2714 771 3583 6026 7865 876 6593 426 9188
118 947 4979 4360 8741 8887 4982 9069 5849 4577 3542 2179
119 298 3433 9031 4782 6471 3084 1488 3261 8852 9826 3519
119 805 6785 9895 5129 7792 4448 4422 9575 7251 4952 7105
121 24 4678 9633 5426 1846 2685 4538 4989 7151 1060 3497
121 382 2809 7105 7621 9501 3273 1888 9897 8437 9343 8504
123 214 4539 9744 4065 1345 8635 3141 7554 5417 7952 1771
123 759 7085 9484 442 1627 8289 708 7522 2756 3561 9189
124 412 7226 4671 8619 6029 3533 8773 9697 4525 5165 2256
124 569 9155 9132 3260 6442 1141 3061 6626 2645 8055 3951
126 617 4821 6926 4016 1794 3806 7477 1887 6959 5129 3293
126 643 4632 485 7166 1996 3058 6594 7395 5883 3106 7108
127 282 7341 8516 7320 9159 5454 1360 7860 2251 5100 2209
127 569 2489 1884 3051 1829 209 6050 9526 8536 6643 4728
128 910 5978 1687 8660 9031 4599 822 8346 6190 6539 7964
131 125 8721 9821 3385 3539 6367 1468 1867 8541 8223 9946
132 707 2877 8214 2812 676 8417 1930 6673 6 2125 991
134 185 1367 8539 2986 5640 8188 9542 8622 3020 6863 6870
134 402 2565 4996 9250 887 6949 9664 2314 5703 1381 6409
134 992 7805 5184 7349 4060 5213 566 1652 7009 261 8413
135 277 9538 1386 738 7302 9103 2443 9208 7006 7835 8684
135 611 1955 839 2290 6315 4162 8667 1541 4679 231 2677
136 50 7899 1160 3046 2762 8084 5030 1209 5209 9515 638
136 273 208 6418 6124 5311 3741 5261 7103 78 9395 4785
136 785 3721 6156 8586 2732 8466 8451 3224 7082 360 9022
137 600 4166 81 6432 5056 5429 9940 6407 8708 1295 5409
137 851 2962 32 4151 5624 4444 6828 1939 2337 9198 3002
138 246 7949 5903 9033 9533 5125 6410 5630 9235 5518 2410
139 141 521 9735 2126 7224 7884 6186 7741 3971 6331 3496
139 283 5235 8174 7931 1050 5844 808 9856 6722 2827 1182
140 731 3228 18 4368 1302 6595 5129 9777 5942 6169 1425
140 828 8630 2484 5334 7044 1808 6299 6142 3718 2948 9441
141 163 6425 7036 818 3381 7907 8618 6930 7261 8085 8355
142 335 9934 1058 6942 4299 2891 7027 5131 8853 2395 2840
142 829 8901 6256 64 4900 3747 1162 4898 1435 3600 9975
143 508 9464 1504 6710 1181 2973 1883 6752 2330 8553 1369
143 554 3134 5191 9282 5038 520 8040 741 265 3880 5801
143 805 5958 9699 3640 7981 8245 3377 5443 5920 6476 7357
144 118 2599 3317 2616 5888 2171 3925 5935 4300 9758 5905
146 127 568 9652 799 9665 4962 9255 3762 5356 8073 480
149 166 9149 9150 9014 2800 3922 5269 9470 4039 5388 6577
151 481 8512 2129 5092 8491 7428 5276 3753 517 1905 2276
151 879 3622 4304 2468 5714 4331 4174 5131 3379 9736 2217
151 919 354 5048 8657 3453 9069 8153 1154 1114 9744 6375
152 285 7946 9116 2871 9720 9104 4971 6889 69 2895 2621
155 94 6179 5183 5469 9277 8495 1669 8249 1705 9445 6924
155 695 9142 2577 3997 4906 5663 4569 9207 1836 7918 8607
155 700 9063 2627 88 5096 5411 8680 4558 9018 6554 5762
156 287 9094 1860 8936 6694 7760 6017 6999 8611 2408 7626
156 835 4872 2194 8712 5103 2009 9511 8388 7445 7224 1213
157 404 9394 7012 5557 8822 9055 5443 3731 2928 5666 5560
157 925 3222 2340 2632 6522 5802 2489 4308 2562 1601 184
158 948 340 7111 9808 5443 269 6689 6654 6120 6107 4232
160 241 241 3371 7961 9648 2524 3103 4118 5804 2163 3484
160 693 4896 6580 6466 6000 4441 9933 7251 6863 9939 3865
160 815 5713 1131 1158 6311 848 1158 8386 1069 4132 8470
162 186 6909 4112 5614 3265 6640 521 5471 9783 8277 7665
164 174 2641 7031 3227 1718 6260 6325 4254 9966 9062 4083
164 376 5821 5627 6988 2529 5150 1834 5427 3157 6135 1678
164 930 7801 2642 8465 4447 2009 7040 6575 204 2195 3844
165 36 9566 8483 4353 1956 3819 7594 6488 1305 6013 2878
165 793 9851 992 245 7732 1759 4330 122 6927 173 610
166 995 9856 1251 7578 2039 6335 4094 5613 4197 5003 1147
167 413 6731 3977 1472 3306 6938 9366 9494 3251 8105 3044
169 149 1167 2419 7224 408 4373 2510 2954 5047 7616 3004
171 281 9796 8590 6350 4718 6259 7575 9898 7762 3407 3745
171 521 6374 1091 6359 4541 2880 2344 5791 7470 8462 1759
174 61 9713 7857 8585 6345 3357 3035 9075 4632 6224 4877
177 909 3233 2712 6698 2112 7726 232 4501 8368 6091 96
178 153 4629 7648 8041 9202 2830 7092 3129 104 2083 4944
179 167 7247 183 9544 9531 3928 7910 4130 6017 4453 3308
180 628 8340 2744 1617 4381 7955 826 798 8506 6351 7379
184 143 7120 7860 7264 4150 242 1180 7466 9006 6553 6626
185 651 4468 2891 8329 5306 929 3791 7463 7385 3518 6674
189 9 3812 930 8442 1201 865 2868 8194 3484 9373 35
189 360 4168 6576 5949 5083 3623 3093 3555 7216 1574 3503
192 452 7011 4320 3633 905 2933 6008 8512 7225 9808 9588
192 945 6247 2952 4467 8888 897 6637 3711 1164 5982 8611
192 970 1841 916 3956 4779 9379 1380 6751 6845 1545 5573
193 203 1934 4199 2431 6917 6485 9273 3116 210 1632 2308
194 871 9170 9690 8545 8031 6383 1547 4295 7403 30 4929
195 375 6443 6253 757 1971 8492 3846 3351 8813 5062 7113
196 292 8082 4038 7962 569 8367 2369 7960 1343 4206 2750
201 145 4063 6247 7337 5901 8345 4563 5725 9784 4722 2702
201 764 4607 3721 1951 8595 2199 5448 8395 5800 894 8539
202 133 9271 7361 8502 4646 5267 4580 315 6978 7742 2357
203 424 9547 3847 1700 5772 3466 1098 4739 5490 6823 5086
203 495 3680 9880 4574 2059 8520 2183 7983 3851 3968 3562
203 647 7616 8175 50 600 5525 1331 7766 4370 6918 9181
204 389 5316 7481 9677 633 2804 7974 6761 1971 4965 3778
208 659 6067 6907 2898 154 8420 7697 5652 4381 6219 1795
209 183 6732 6669 289 4800 4573 7145 1875 8030 4282 1551
212 341 6728 8127 9675 9645 4532 7314 2790 4516 5198 1407
213 648 4556 5869 1586 1514 8041 8000 7780 4382 6046 7596
214 474 8174 2929 8420 7329 118 1503 7650 1260 9558 3147
214 507 6338 3632 9469 6389 6448 986 4171 7945 9499 1804
214 755 2789 6902 2999 4812 9525 7012 8595 4674 853 9741
214 889 3471 5948 7014 6590 7866 7637 6926 8651 6395 1162
216 188 6792 8117 6727 4521 532 358 1951 6129 1172 4697
218 19 753 1586 3944 494 7383 9087 2001 1254 8756 6721
218 475 9126 1355 9277 9920 3449 8308 7273 6410 7860 9416
220 110 2182 8505 62 6321 1021 1822 4947 6386 6610 8287
220 451 9967 8400 6115 6080 7906 3535 3419 6506 525 5651
221 450 5526 4375 5564 7782 9158 2852 7109 4589 6744 4413
221 888 3226 3105 4238 3644 9691 7264 1897 2295 4044 1288
223 744 965 8843 7080 5351 4996 7281 5076 893 495 5788
226 651 3277 8674 6243 331 8973 4015 8290 1114 9702 8466
226 909 7170 5878 3695 1002 7026 4668 151 3295 543 3137
227 366 2505 5775 2614 8929 1559 2588 5518 592 8894 2038
228 735 6545 7564 1193 7447 8568 4587 7513 3351 6335 727
231 98 6508 3148 7196 5234 6383 2093 8887 5659 8109 7699
232 353 2692 138 709 2201 5140 9116 6169 6928 8337 8800
237 426 9530 1451 1320 1853 6160 2891 2079 356 6428 8
238 103 6124 5268 747 9251 1761 8424 684 4186 4466 2123
238 459 6237 1182 1208 5464 4534 8686 7447 1770 6082 3880
239 440 5604 2493 6473 3741 4450 549 653 3773 7488 6069
239 466 58 1525 4212 1721 8580 5441 1925 3841 6415 4069
242 129 2118 5442 4958 5602 1699 4848 6598 6473 849 2777
243 208 879 8711 5641 7422 7888 6246 3591 1857 8404 5477
243 613 5649 2222 825 8018 7289 449 6772 4399 9807 3377
244 152 6291 832 4225 3463 3493 5862 5227 8278 6194 1482
245 311 8346 190 6276 4007 1413 6351 524 5233 2919 4264
245 345 4977 7601 2195 3890 6154 8176 3512 5748 7705 3463
246 155 9762 4303 4317 2944 1963 8751 9441 9183 8934 6574
250 473 3404 896 8187 6700 7309 7391 3074 4469 978 650
251 438 8100 9566 2999 293 8100 783 9756 5733 3332 1126
251 854 8411 1525 2426 8218 5759 8099 8891 6272 8043 2418
253 773 6256 4184 6434 9360 7883 6769 6046 626 8568 8881
253 861 3041 9654 7422 3859 7089 4906 3904 968 1906 2000
254 864 7185 8267 6859 3879 1427 1077 3386 131 8835 5157
255 734 8808 2974 861 3962 36 2283 2486 1599 7648 6526
256 405 5472 146 1025 9929 360 7425 6910 7522 4504 295
256 981 9224 2185 520 8693 8125 640 517 9805 1505 4349
258 929 9745 2443 4468 8107 6339 4321 4105 7719 3496 6962
259 457 2179 8014 6183 5549 4840 6192 3765 9390 3555 4558
261 283 9338 3181 7602 1725 1469 4254 8960 3050 4607 4012
262 425 7463 7433 447 1140 3559 2098 3258 634 2515 1789
266 717 9793 6580 2728 8840 697 4175 3783 8749 9805 3221
267 150 9724 5147 9692 6767 9289 5352 6280 5652 7832 1375
268 217 7783 9826 4342 325 1805 3056 1421 6421 4515 87
268 388 5980 3530 7978 426 827 2299 5372 5140 4260 293
271 580 8181 7926 545 1859 4903 609 9871 6114 3837 634
271 967 5450 4491 763 5933 9043 5530 4453 6540 3792 3296
272 425 8531 1284 7148 4353 3416 7853 9023 3883 8808 573
276 138 192 6191 3157 9728 8168 571 3971 1870 2041 2400
276 641 901 5310 6323 2230 7682 1574 4693 3446 9846 2912
276 998 8766 6513 6301 3925 4695 4772 9688 4826 1235 1742
277 523 8962 4402 3420 348 2803 8403 7643 7175 5468 2445
277 997 4749 6812 1331 4230 3811 698 7072 6805 9103 6383
278 86 5001 5254 7296 7078 8069 8087 4117 4186 2541 9279
278 600 7389 6079 6635 8312 1870 297 3018 8208 2155 5637
280 70 4450 6720 4119 4986 1458 9800 2419 3663 7139 9175
281 117 1456 2818 8695 2488 1418 4142 3263 3489 2889 3995
281 334 6841 6711 7311 2448 8998 3255 1415 852 5958 459
282 646 1223 2299 4098 8223 6802 6020 8677 4396 8783 9047
283 347 4560 9548 2762 9578 6374 338 8869 1129 6621 5669
283 530 9248 9188 6301 6497 8581 1976 3585 5940 875 5026
284 305 2034 4579 8592 705 1816 9020 9409 5297 3997 7235
286 965 5370 7952 7374 5143 8649 8962 6793 4026 4423 9216
287 816 3226 2633 7061 893 157 5867 7043 6363 5667 6881
288 974 376 4307 6612 5570 8600 176 7329 3667 8109 9020
291 683 840 8029 7956 1441 7477 36 3878 3204 9602 6108
293 195 286 8271 5466 4600 776 8215 5168 7059 7965 7822
293 268 2823 5965 6985 1152 2610 3029 4901 7121 7226 6411
295 321 5201 4500 7374 6514 8852 523 3986 9845 2802 1801
295 523 1209 4007 7415 4738 7642 9342 1754 9606 806 7262
295 853 8183 3876 995 3454 1422 3131 6894 5373 858 753
296 281 3942 3804 4166 2367 6308 9105 5745 4722 2021 7832
296 601 4296 8303 7175 2502 727 169 7346 7931 2392 6115
296 980 3774 5408 4652 9278 8424 9172 2901 6649 9232 7035
304 598 301 4875 2630 3564 9118 6809 6761 8235 1302 6800
306 490 8654 1647 1172 563 4812 8870 3410 6704 8117 1692
306 828 7731 1734 8679 6358 1976 2434 3596 8913 2972 3488
308 638 3249 4508 3862 1088 3859 2955 7704 7751 8729 9093
309 830 3500 8169 5554 5817 4662 2752 5510 5734 1223 5837
309 841 3613 2919 213 7669 6062 2985 429 9712 9852 9361
310 692 9352 8221 3075 3110 1865 2477 8280 8659 3045 5645
311 519 7268 4439 6571 6046 2100 8776 7808 8257 2992 6354
311 997 5187 4136 8023 3576 2927 2793 8980 4278 3401 3383
312 401 1071 2936 6463 9050 1574 9029 2852 9277 2151 1431
312 783 2501 4508 208 2799 9266 9243 5877 599 5071 1232
314 381 1949 6030 3352 6749 6695 1169 8874 9783 469 5684
315 205 1992 2530 2111 6834 708 8975 9143 6257 343 2938
317 810 2630 5746 3243 9918 9161 148 3532 1486 2483 281
318 873 4068 3586 3080 1113 3794 6089 6714 6088 3725 4580
319 300 8469 2542 8954 6230 5097 7215 7064 8323 1524 3473
319 855 2532 2448 3820 3916 1642 3883 3591 3845 3252 9019
320 681 3196 7285 6193 7218 2942 9632 7047 7867 5451 7506
322 7 229 36 9356 9346 9228 7711 4575 3428 4834 735
322 218 1733 6263 9877 6042 4790 8100 8515 7770 1295 2025
323 321 4810 1809 3329 8643 6829 4183 7358 1907 9295 1639
324 186 1262 152 1649 2595 7363 1087 6085 7704 1311 1800
324 189 7100 4055 6047 278 4509 1152 5557 8046 8272 7901
324 476 4431 712 2643 5398 7906 3825 6708 8904 3479 9435
324 714 878 7905 9886 7292 4658 3292 9309 3210 3008 7305
324 810 1784 5336 3380 1377 7956 6362 2491 2862 8351 2462
324 820 415 6734 4331 107 1727 2882 8834 4264 7745 7536
324 947 9347 528 8450 4019 901 6589 3098 2844 4420 9645
325 212 7364 9144 6521 7997 7709 3675 5062 7513 8103 7920
325 532 7036 1549 3962 2383 4800 1944 7251 9611 403 819
325 626 4739 7977 1085 1768 1894 8927 9978 3664 9890 7808
326 196 6562 690 4224 1859 3400 5156 7608 3619 9142 2429
327 512 8661 3834 8976 1978 8110 5725 1298 4699 4109 8038
328 206 6691 9905 1832 9740 7947 7209 9616 3498 1852 3501
329 591 267 5741 5366 6818 1774 1164 4322 5511 6661 76
331 598 9062 6572 2595 7028 5124 3123 558 987 4583 1298
336 130 3079 8779 1584 6490 7179 4873 2529 2792 6401 5957
337 856 2713 4587 5335 5683 8503 2315 9640 5216 588 2695
338 548 6829 3366 2655 2693 7780 407 6869 73 4746 5678
340 555 3013 521 3530 4225 2603 1719 978 6329 4751 1530
341 197 3172 7498 3602 5591 7902 2166 4535 4990 6440 2052
342 116 5918 685 6980 6335 6609 8451 8624 8118 2260 139
342 384 6013 6194 3151 3006 3869 117 516 2310 4890 873
342 565 2420 7915 1474 3416 3760 2599 6834 4467 9945 2962
343 548 317 3127 6859 8365 9277 3058 4200 2814 1838 9344
343 754 8208 6318 5280 4608 2674 676 3124 4098 7255 8250
344 927 3601 8033 6217 768 6079 5389 3903 9446 1762 9946
346 69 6427 2024 4102 5730 8385 6291 8570 2621 499 7733
346 282 4021 3444 3519 8139 3827 939 3281 5012 1131 3578
346 810 4743 5842 9534 8762 9470 4069 347 1162 4473 7176
347 686 9712 6395 8011 5443 8923 9197 7051 9702 146 8366
348 552 9751 4845 6956 8541 4774 4082 706 5626 167 1917
349 515 8922 1468 2460 1809 364 4201 659 1409 9155 1735
349 891 2639 8197 7295 8199 9354 8566 3294 6018 7255 587
350 456 2889 2533 7394 4873 2944 4185 1864 4719 3664 8216
351 673 1812 9593 2780 2653 4810 8080 5963 3272 3380 5016
356 877 5697 6445 5036 7451 6853 3981 666 2277 8949 1029
357 666 7829 4330 7193 8367 4408 2267 5753 4788 9184 5908
357 850 4156 7217 20 449 7643 6667 1620 306 6703 546
357 952 3305 5619 2726 5295 9087 7007 263 3324 7096 6121
359 409 9957 7038 7714 7672 378 1864 6596 6792 2509 1216
360 413 8104 9418 8081 3309 4670 6986 16 9159 9475 3882
360 424 359 4610 9642 5089 9986 8988 8852 7861 7310 1270
363 351 979 2679 2911 2029 3832 673 7753 1240 9074 5840
364 807 4419 3297 4959 4628 9329 4949 3472 91 3519 2956
365 65 6820 5557 9043 7143 3878 5654 2251 3928 1286 9258
365 598 7740 2946 9615 9878 8378 8207 2574 9432 4420 2638
365 610 1942 2054 4603 51 6330 1522 3813 3586 7843 9673
366 13 2862 1184 4114 9154 1045 786 5274 6999 1359 5530
366 681 645 755 9046 1175 5205 467 3944 2952 6152 5380
367 560 8926 8419 4827 7640 2097 3215 2201 7734 2514 4189
367 570 508 3228 2742 3761 9322 2859 5171 6374 3444 654
367 631 8758 7380 533 2137 155 2593 651 6647 5449 8532
367 699 2797 7324 4641 1147 9228 6145 2892 5071 2162 7852
370 635 187 7818 4361 3376 530 4301 9286 7995 9656 614
371 548 2019 2191 4333 3694 8406 9327 3462 7059 8299 478
371 886 9813 9117 8394 8726 5758 5463 1036 9196 2034 7784
372 640 3953 9392 453 72 9825 4927 7847 8084 5669 2358
373 179 7412 8540 1984 653 3501 9705 3279 1837 8339 471
374 320 9315 7047 5372 8363 1185 7862 6456 8093 8722 5030
377 193 9707 8593 5884 8412 7556 9953 3894 3839 3552 1760
377 307 4900 4603 5711 1833 5544 4820 201 8486 8343 3632
377 852 1362 1260 5623 1851 8374 7628 8402 7245 7674 8263
378 88 4172 3167 3115 7363 7013 4650 7987 2294 8770 9951
378 97 4300 2709 7438 8769 4571 2358 3456 6635 1767 9380
379 351 8181 9037 1945 738 3411 5199 4343 5370 4093 3311
383 766 987 914 9384 5825 6764 3978 96 3164 8130 3859
384 629 9260 1027 9512 6003 3763 9540 155 8188 383 2402
385 439 2596 7558 6231 6434 4479 5146 9261 8767 5167 495
385 896 2210 8371 643 6602 9568 5131 1739 3327 9424 7062
385 904 9187 3111 2985 3919 9962 7968 5289 6125 2784 7559
387 265 8322 5851 9381 9032 442 4556 9628 9043 6401 5389
388 47 1349 6473 412 425 2952 3530 9370 6618 7291 6321
388 325 3271 3143 961 4353 4195 9585 5830 5058 5322 2954
388 377 1463 73 9665 9619 9197 3228 4259 9351 5107 733
388 549 9417 9253 8901 9248 9065 1701 6269 4917 5219 2964
389 223 9736 7559 4125 7489 8467 57 6808 872 8073 230
392 639 5013 2798 4306 9956 4523 1206 938 9904 3015 2090
393 987 3643 1561 9236 4908 5140 4987 2145 5193 8158 6608
394 659 7013 869 698 6707 9843 3451 5378 6652 9185 5908
395 631 298 7595 5938 3120 7400 2792 2767 11 5410 8428
399 75 7824 1185 5581 469 4355 3476 5495 1276 593 7388
400 355 3109 4121 7265 1907 3945 5249 6871 7727 7846 3365
400 613 9077 5138 9637 6002 4390 9186 4742 428 10 1214
401 12 4693 9083 9407 3274 6252 2189 2056 6948 7323 726
402 0 9320 8132 2003 4495 6086 2234 1579 3035 812 435
402 597 4131 1048 7982 1348 749 6179 4969 6142 5844 7821
403 602 9552 9752 5488 39 913 2058 5290 8343 1762 9400
405 168 2221 664 3432 6218 2207 2162 1522 3263 1479 1498
407 297 7376 1066 2155 7501 6657 2524 9468 4685 6641 2123
407 742 9394 1651 4763 5184 8058 3687 9313 801 9417 1087
407 969 4786 4773 310 571 2663 5187 3905 4886 3085 1045
408 604 599 6841 6943 7520 6148 2929 7709 6639 1756 3152
410 576 2727 1216 2500 3252 7191 9593 5006 224 64 1094
411 31 3135 6679 4316 4650 8327 7559 968 5464 6080 4463
411 642 4357 4043 4553 5093 1068 2049 7866 7697 3482 659
412 474 5150 288 7029 7257 7476 3715 7848 9754 2196 3225
413 558 7910 6987 9084 4156 9021 4361 5334 5625 7823 2765
414 598 7739 4644 505 4397 6319 6030 692 4501 3770 9382
415 194 4816 4740 9295 7432 3880 4938 8197 3615 5479 3036
415 548 6488 9884 5018 6662 3159 924 937 7981 1156 725
416 384 5845 1350 1439 2286 4969 5781 9164 2002 7858 8940
417 92 6036 7641 769 5976 2517 6392 2917 5363 7968 3411
419 910 1213 6580 4686 1206 4165 4183 4098 660 3331 3256
421 651 4928 8028 7252 5973 4817 3173 4888 3933 5988 6941
425 468 3896 2041 8792 2389 8478 1844 1539 4666 8531 9618
425 953 9300 5465 7530 4150 2973 277 7600 6069 9189 6341
429 977 3377 3885 4058 8854 2541 780 9988 8930 5262 2271
430 169 9425 9527 8735 2789 1918 656 8816 9063 7335 8269
431 257 2767 5260 1966 963 6305 3010 2635 433 5075 9425
433 206 2949 9689 7679 3015 8649 2966 9358 1240 3256 1828
433 599 5910 6704 6762 2036 8157 8381 389 7374 468 8787
433 959 7665 9095 2642 8131 8494 4257 2782 2747 6388 4603
434 903 3947 9223 6705 487 4907 2827 3715 3072 6393 1335
434 987 6941 3660 7377 6685 6334 4327 1072 2829 5245 4787
435 764 6749 2294 5358 385 3177 2741 2226 5519 8435 9167
435 795 5096 3411 6720 2145 4861 4722 2498 6202 6662 3619
436 819 6468 7753 8498 9748 3731 9346 3852 6649 7238 8161
436 872 672 5953 2728 4080 327 9669 6189 832 2439 4385
437 1 1644 4552 680 8327 2519 6353 2369 6076 9287 2348
437 406 9682 3328 8822 6303 6726 3901 6410 9934 870 8206
438 352 6661 6127 3983 4039 9059 6908 4810 4246 6962 6169
439 644 3375 5023 1896 7551 5309 7988 5663 7852 9764 8068
439 999 6042 4777 9326 3343 5101 5178 7153 2827 9998 1169
441 402 6695 3716 7277 1729 3284 102 9831 2094 2788 4022
441 453 4413 8930 723 5094 5560 7458 5951 5634 7939 411
442 64 6721 5196 5958 5882 354 8436 1207 4267 2239 7822
442 722 8326 1307 8711 4111 4218 463 2158 275 6926 1622
442 788 9054 5985 6565 1789 1346 812 7663 8072 603 5773
444 664 5970 8927 1983 3483 6424 8084 5022 2573 5109 4216
444 866 1997 9256 2958 709 1875 6369 1532 741 5905 782
449 173 1242 8444 6550 348 2282 6710 388 7205 9488 4287
449 216 9775 9198 1478 1000 4493 38 1692 6302 8490 4033
449 435 5298 2528 517 1271 4050 5434 9717 4437 436 3016
449 778 630 9398 7170 8240 5803 7328 5206 6010 2799 608
450 737 7842 1877 498 2033 3452 1497 7787 1406 8658 664
450 911 1990 3269 7744 9070 5448 5231 3883 6247 2461 6721
450 914 3573 7412 3160 9345 206 3218 7892 4746 6079 8061
451 846 5056 2002 6468 1671 2526 2704 1142 8392 684 5882
452 602 8344 548 7989 6118 1199 4465 3829 5578 8348 7384
453 707 4992 2452 1096 3204 1109 5328 4092 5148 7574 5829
453 778 7110 525 5803 4362 2272 5312 7334 4522 9038 6301
454 22 9877 5806 7203 7124 2715 5092 2626 2028 3210 1372
455 731 8618 243 6587 2142 7363 2597 4595 5028 8748 1402
457 97 9984 7125 6144 7281 3728 7777 1656 4397 1148 6505
459 776 314 3773 1695 4142 1324 3244 9950 9386 3498 2759
460 877 4176 296 9668 3611 2918 2355 8968 1208 4174 5589
461 609 9615 7729 43 9640 7011 245 7345 4947 5209 283
463 822 3887 4816 7787 7103 9126 4411 7992 5464 9446 9538
464 649 1262 7787 4587 6956 6210 4202 9798 8370 7664 1473
465 260 7892 2409 8513 5734 8432 3038 1120 7188 3324 5596
466 191 1203 7345 3147 8533 6652 8294 7234 4325 137 2456
466 241 9069 4403 262 8243 3084 4327 4173 6265 186 5256
466 283 7879 2818 9684 3430 5531 5860 3534 8865 4305 6076
468 262 3060 8296 3902 7907 8827 5738 3892 7712 7590 2460
468 407 8759 3651 8501 3607 9933 3619 1186 449 3126 7380
468 466 8134 1387 3734 1305 167 9422 3580 9816 6428 8330
468 673 7980 4812 9293 2597 248 4603 2170 7428 169 7857
469 976 8804 9949 2958 3154 373 2057 2390 718 9413 7522
470 180 4158 2371 4707 2059 7223 4663 2758 1566 8258 3610
471 315 7082 9633 3486 8868 1687 838 8751 4512 9362 7540
473 77 1963 7141 4686 8933 5375 2791 2148 4345 3298 6695
474 864 265 7658 4436 487 2097 8818 7731 805 286 9524
475 210 5032 7038 1159 7923 7627 8476 306 2371 4517 3154
476 178 3103 3916 3279 813 5814 7017 8668 158 495 7033
476 890 607 9856 4255 2014 5692 6537 7256 3399 6893 5539
477 388 8613 4480 519 5119 6211 4562 5537 6094 4029 6078
478 698 5534 6019 8509 4780 7843 3207 1056 170 814 582
479 266 7120 4681 3356 4457 985 798 8964 694 6264 5569
480 795 5459 8647 4772 6250 7604 8504 4238 3009 2208 9823
481 848 236 2859 2153 1954 1511 1304 6705 1592 9243 2649
481 956 4875 9342 1934 7463 3452 3387 7860 3743 2911 756
482 183 1210 2214 3928 1980 3130 9114 2395 58 4462 6666
482 746 3380 4639 1425 1916 5788 5425 3333 778 9310 397
483 910 8667 9885 1142 6997 7160 8753 9024 9028 8169 7413
485 214 9172 1356 765 4341 6317 9513 6641 7250 4171 4047
485 707 9194 9685 1470 5110 7093 91 1083 9395 7194 8548
486 900 5263 4035 9731 6510 6735 9036 8644 8774 7668 5685
488 839 6924 2652 1606 8045 1346 4024 4521 496 7385 5500
489 646 3148 2532 2167 4339 6635 7988 7501 6303 2482 2699
489 707 7571 4163 652 2341 6574 9211 5801 5261 8568 2689
490 806 1242 8166 350 8950 105 3311 8653 4628 4133 7545
492 20 5294 4775 8812 8074 2269 2255 9960 5673 9943 3278
493 355 1617 2999 9116 6049 5743 8973 4605 3220 9283 4202
498 509 6942 4721 7832 4433 8039 8044 7975 6132 702 6703
499 210 5458 1731 9983 4760 5008 9455 2980 1147 1011 4239
500 691 1392 144 9339 6418 869 7826 7346 5111 9400 9954
501 222 4238 8262 4992 4886 1900 9313 4276 6334 9584 4847
501 417 7614 7071 8953 3835 6539 9163 3825 7559 1926 5185
501 525 7894 5464 4258 5310 9857 5478 7527 3413 2776 8936
501 771 971 2091 363 7268 5012 5947 1799 5919 6769 9819
502 266 6178 3268 8401 5146 4853 7398 2430 6915 6856 7613
502 871 7930 1768 8121 5064 214 296 4823 7678 1592 4909
504 583 3143 3472 9256 461 8943 2329 7815 5930 7803 6849
504 698 3474 3288 6306 6707 2609 5762 6493 4669 3658 4853
504 707 9117 3232 8364 736 7494 763 7153 2697 7406 3597
506 885 9705 813 7462 1494 6736 2628 8190 2359 2049 9502
508 952 5815 4324 4226 545 1536 5361 167 9496 1569 8281
509 45 817 7931 129 1394 1409 1848 2425 3446 1736 3647
509 271 1840 5928 2280 3567 2490 3500 9108 27 8294 2544
512 185 5649 4791 4953 7686 4958 3304 9766 1604 2400 3897
513 471 1055 5004 7221 6010 5649 6789 2901 7911 1590 1205
514 130 3009 639 8792 3670 4732 2929 616 1162 9568 4502
514 178 7917 7391 5464 1127 1276 1320 2706 6704 9837 7173
515 874 8022 2270 6628 9010 7371 702 3974 5956 7113 7272
516 363 6864 8126 238 8396 7686 1634 4140 8551 3831 4381
517 579 5755 5582 8953 7346 4038 5058 6435 6655 5402 4194
517 662 7032 6549 7153 1403 8380 661 6506 7080 5253 7466
517 835 8694 8122 1396 4436 7917 4137 8461 9125 5207 8666
519 559 6573 5218 1917 2750 2455 2145 9382 9505 3269 989
519 919 8308 57 3334 2455 1736 2962 5698 880 5445 6987
520 956 3976 9581 5648 746 6837 6304 2272 7135 1377 4218
522 965 3191 7193 5584 1642 9300 2190 5410 4626 2868 7791
523 563 7632 4351 5200 7989 3926 7037 4616 4015 2186 1374
523 639 3912 8578 684 7505 7757 8821 5027 9180 5480 3641
525 702 9801 877 573 1236 7497 5798 9273 6023 8665 7309
526 277 684 554 2877 7332 9164 3234 2723 299 1917 8865
527 14 6668 536 759 4775 2193 4817 4073 1606 5294 3272
530 281 3506 5620 2535 3951 2494 7969 4708 8332 8609 52
530 891 7937 9402 7492 7239 5285 5013 8722 9353 1364 6187
534 743 5012 1439 1087 6700 9337 6227 9155 1626 8715 9667
535 381 7446 6486 8826 9926 1954 3681 1637 361 8363 3465
535 802 6978 4599 6675 4455 9916 3677 4630 3117 3646 1305
537 488 4513 4251 497 5314 9335 2107 5371 3926 1379 3613
537 531 6027 4055 7679 6660 5567 3026 6329 9117 6801 624
537 938 6701 7910 4588 4102 3965 2977 6958 9529 5259 7560
539 779 5485 1129 5511 8456 6021 2800 2590 9793 7790 3014
540 481 1396 8343 1916 4945 4626 2177 2348 852 8039 4279
540 739 7479 7419 576 9966 1595 8224 448 2733 9942 8701
540 993 7359 7438 5526 1581 4772 7165 4963 6467 1205 1986
541 354 8325 7724 1698 1863 5899 1747 868 5334 3864 4404
541 513 7611 7882 6880 9833 7655 1993 1823 4107 1918 8114
541 612 6257 2227 9264 6750 8831 3756 4286 6330 5005 2773
543 315 6632 4171 5281 3627 2273 33 4328 5407 4968 7604
549 281 4682 3160 7838 5448 6278 4251 2934 5021 869 5985
549 334 3060 345 4138 4278 4971 8929 7791 4803 7828 980
552 199 3717 8450 7439 3307 382 1724 8498 7000 6637 3461
552 302 7304 4705 7218 278 738 426 9476 7472 8305 7373
553 883 351 7647 5247 9832 2524 8321 6738 4160 6148 6976
554 78 6498 5677 9354 200 6951 8401 968 8026 2603 7245
554 264 613 8031 3925 2697 6347 2487 7906 6531 5521 3470
555 326 6405 2327 5818 1918 3868 1018 6609 7008 7177 6063
555 968 7556 6961 2279 2061 5364 3838 1554 573 8779 580
558 567 6451 4868 573 2293 5438 204 2663 28 9114 2637
558 741 7302 3780 5696 2376 8207 6677 5715 4510 4454 8991
560 656 1125 1305 6168 4256 7865 4447 9816 6062 2954 7880
560 878 3731 8200 9306 6446 3289 606 750 8999 8440 4001
561 484 8542 5103 5909 545 244 7761 4229 740 8578 9042
561 597 5896 8242 7718 8409 8162 7444 1249 3982 925 7646
561 655 2697 1362 3029 9721 1083 5844 9494 3383 5654 660
561 835 6781 7943 5469 1927 7194 4141 6645 2264 4497 5038
561 973 3664 5513 7741 6224 7926 2172 1564 69 9969 3892
562 191 7189 5526 326 810 4351 33 7010 1369 801 7050
563 570 951 6554 8426 9199 1800 902 6959 2455 3051 6117
564 471 4281 1162 357 9874 4139 3619 4802 2163 501 2936
564 870 223 4847 4117 5821 8889 3204 2162 3580 905 8504
566 689 1931 3951 5252 343 9769 1693 2455 7067 7559 3387
568 810 4698 7207 5803 6841 7383 6944 5526 5181 1713 4783
569 500 3397 1370 8858 7966 2456 4221 6115 1848 6321 2546
569 542 1752 7203 8902 8218 7914 6917 9302 2323 9425 1763
572 413 5383 5284 2758 801 238 2360 8986 6139 9937 4080
572 505 5186 4671 4389 8807 2360 7123 8406 4770 9610 3933
573 112 8462 459 9215 17 2588 9455 9333 6413 7143 6106
574 198 5551 4234 7770 7160 1625 1223 5059 1980 1892 5564
574 674 5824 1382 4564 8424 4779 7457 3802 5927 5196 5774
576 57 9941 2659 7452 7380 1593 3908 4106 8130 1076 8086
576 86 6824 3490 8743 9455 60 3866 4369 6375 950 573
577 572 2321 741 6909 5957 444 9082 2927 4480 358 1871
577 773 6791 6742 8098 1254 4623 8513 1025 4228 3793 7140
578 511 7772 4147 4174 5419 8164 9599 5697 726 6348 9032
579 451 4708 2432 9276 6691 3651 7666 1932 1264 3042 1611
579 995 4731 3221 5538 5793 9281 2820 2159 5277 9937 8244
580 35 4055 4839 9705 4570 1468 2480 4912 3415 1793 6953
580 320 2220 8248 951 8895 7762 9495 5120 5136 8766 2309
580 709 4568 2254 7013 7055 9588 7113 2727 7740 6403 8700
584 188 164 5699 4702 3696 621 9773 6673 2827 4386 7936
584 254 7916 568 2365 3831 4069 7639 5075 8496 3698 557
585 624 3847 8742 5300 4651 6557 9864 1535 8480 3119 9159
586 299 5202 2280 8264 1729 2296 9177 4336 4139 1779 5459
586 866 5963 9263 5518 1174 9963 6337 8545 2611 2120 7160
587 162 4409 6046 3053 9735 1868 4918 3205 8717 8545 7520
588 319 8355 8826 9457 9422 8699 3241 3695 3772 7064 7167
589 74 5831 8956 3867 1303 55 2840 2583 3187 1012 9843
589 545 9398 4544 5878 5335 5268 2126 7951 890 1595 7401
589 671 3230 4864 9855 3463 2790 1893 8083 8006 6781 8063
590 19 7664 1799 3022 2247 7843 6904 745 4438 9718 6714
591 21 1527 44 8005 5995 2118 1190 1637 2428 329 5685
591 387 7632 5466 4257 2378 8092 7353 3631 194 2451 7543
593 334 2100 1759 1222 2030 9720 568 5119 8986 9124 8375
593 465 5098 871 8058 3943 7737 7864 9263 428 184 5718
593 758 3898 3662 873 6669 4040 1688 837 2879 7596 5003
594 250 6349 1503 9482 6371 8401 3232 5963 2058 1807 9633
595 379 112 2418 8703 9115 9444 7803 3530 1161 990 3913
598 419 7640 3149 8799 1986 9004 3420 4350 5788 9600 2871
602 308 546 3398 1550 7400 2402 5420 9600 7397 5602 1213
602 382 3730 4468 7409 2210 8308 9622 5320 1525 4298 4652
602 865 4178 5900 1401 1621 9181 7988 1345 1157 3488 2431
603 317 543 9330 7726 4845 6454 9525 9567 3088 2884 3217
603 622 9465 4184 9163 5936 204 3820 7490 2790 4970 3659
604 335 7415 7353 5702 9995 2850 2385 5420 860 9029 8530
604 485 2234 2062 6068 6381 5941 5506 6284 7930 7107 8923
605 828 1372 7178 4121 7170 2015 4358 5212 5443 6177 505
606 632 6135 7772 3714 1160 6476 2358 7106 3874 6525 5403
609 748 813 7614 3075 7856 7621 9994 3239 1105 7088 6467
609 839 3827 9619 4475 6539 6610 5045 2521 8383 9279 1862
609 904 2675 36 4451 1740 2842 2877 9432 405 8944 4125
610 209 1681 6712 6941 6584 6002 8726 3086 2473 7390 2921
610 418 2609 1778 4809 6483 4761 406 6322 1593 8263 2078
610 987 1202 2547 4113 8747 1708 5278 7444 4388 8922 8427
611 72 8513 8176 483 1153 4466 9943 2997 1034 8107 1513
611 768 2451 4996 3078 4560 3938 272 5237 3607 449 3935
612 747 6534 6413 5801 7990 3601 1979 5964 7829 9543 3979
613 290 9645 3962 9902 446 6754 6139 3699 3481 5742 4196
614 513 586 9177 1756 3358 1983 6347 5969 274 9009 4875
614 744 7049 1254 9864 4140 6534 9106 7954 2167 752 2658
615 916 5360 9621 7018 2455 8848 1175 1906 8280 6234 4016
618 976 5601 3399 9340 9775 8789 4034 5645 1708 2469 3535
619 176 5758 8758 8188 9054 2326 5090 2417 7459 9467 1620
621 275 2479 8694 4608 9948 1661 3666 3837 4194 5238 8828
621 339 7854 3995 3963 4339 6350 6121 1029 7756 8726 8895
625 967 5973 2105 4081 7467 2853 9562 1298 8322 5305 4542
626 795 5748 1743 1559 7772 8439 202 6292 5396 7254 1912
626 998 5378 1409 1085 7268 7888 8287 7054 3619 787 8271
628 5 3206 8420 551 3939 6981 8359 7998 4080 2583 2862
630 421 363 3808 3443 4546 8296 7436 2877 670 250 6723
632 41 913 3345 6653 9071 3074 6972 2432 2913 1535 4252
633 496 9065 9878 7897 9023 100 6916 8074 6308 856 8417
634 352 3849 2489 4978 1938 8968 4106 9602 8243 2784 9506
635 213 8408 4020 9012 9485 2021 7855 8545 2126 4670 3838
637 521 141 3110 3629 2143 6239 2817 756 7186 1574 127
637 596 2015 6520 3499 6208 1487 7464 3920 8095 2752 6301
638 525 106 8102 791 6224 3311 893 5713 29 7270 6868
638 980 3602 8087 289 9536 4616 3451 3187 5191 7866 8234
639 774 8201 537 1940 4974 991 8770 2464 6837 1487 9083
639 830 680 1725 3338 694 4039 8882 8709 1678 2481 6262
640 54 6766 1612 771 1590 9768 2432 7345 8500 2411 637
641 376 1266 746 5592 8024 1659 9571 2063 4709 7790 9861
641 866 3673 5101 8649 6951 1435 1808 8548 380 3505 4172
642 953 9142 2753 5943 9679 7148 747 531 3485 5166 3404
643 923 2289 27 7401 232 5830 5932 7012 6782 5169 6445
644 515 5811 9547 2418 8725 5406 707 4205 6371 8933 7244
646 68 8887 3057 9071 6256 1105 2343 8499 7224 8698 9570
647 911 1319 8439 1749 4276 4778 6285 3876 427 1689 8142
648 166 8390 7495 5023 37 5882 3105 1138 6792 2676 6276
648 360 7903 9315 1296 9265 8980 8415 8699 3777 5876 2774
649 161 3039 6454 9453 7448 4162 8113 1096 1160 6764 5985
649 943 8205 451 1406 2605 5006 5857 6449 292 5226 4985
650 653 6507 2073 1528 6142 157 4435 9647 6920 3045 1267
651 527 6910 1332 5216 5819 7258 1709 1807 8352 2038 839
651 761 8228 4229 1178 4690 2885 2679 5962 1061 6541 5746
653 67 2328 7697 9686 5027 3296 2982 7120 8817 8956 8628
653 931 280 1546 3182 9590 6379 4469 8122 1986 3243 7696
654 253 5655 357 124 5148 1875 8223 6022 1066 1064 6554
654 455 7194 1083 6097 470 5924 3386 424 2448 3821 931
654 646 4386 1419 6243 7117 4289 8540 6838 1647 9759 1745
655 24 244 5337 4966 8631 226 3640 6808 9569 5453 8232
656 302 5521 5498 70 9662 2769 710 9503 9891 6278 4841
656 621 9808 3260 354 7918 2368 8233 1277 1443 380 459
656 902 5600 1343 9554 5871 8102 5557 4427 7351 2099 5718
657 391 1908 180 640 4568 8691 7675 9702 3700 4081 2135
659 650 1295 3406 1826 8745 352 1968 8326 3530 7161 884
659 884 6302 8199 7012 2433 2878 9317 8246 7771 3816 5952
661 130 1930 8226 3779 2772 4643 6110 8015 1974 4525 7599
661 558 5526 7814 3526 6776 7405 4046 8138 7044 1312 7574
662 610 1962 9003 4758 9279 4932 6770 1750 9384 6197 9876
662 759 5490 7793 2064 2663 1518 5551 7686 3093 7261 9850
663 45 8871 2590 637 4094 8207 9635 9087 9444 4070 4860
663 464 6279 594 2195 3286 3537 7883 4462 1743 3292 7156
663 913 9194 1937 7630 7680 4811 9429 1927 3127 3860 450
664 553 6703 9101 5104 8817 4080 8662 8578 6241 6149 59
664 626 9371 8106 6066 1086 5019 4428 320 2979 3688 1929
664 661 9267 33 6480 5251 723 2530 1254 1048 2305 2480
665 396 3192 267 1687 7999 5731 1346 1273 8558 951 8332
665 792 1871 5225 4950 4898 5202 7086 8000 997 3922 9415
666 247 8890 5593 9506 5184 9527 1161 3484 4625 2126 1414
666 851 7736 4273 3388 2881 6940 172 8686 4203 2170 1192
668 516 9812 3206 1961 1449 4441 438 6550 8640 452 272
671 334 4960 1116 196 4949 918 654 571 4396 8970 506
671 820 656 1252 2341 5065 1252 2651 7401 2938 2148 7405
673 177 2780 3795 8129 562 5294 1956 5726 6638 9059 9143
676 156 9209 2514 7175 3934 5266 8549 6913 8823 5452 6025
678 569 3373 6126 9682 3949 5645 21 7945 5810 8560 8989
678 847 653 208 5950 3724 215 9336 8613 274 7391 7645
679 273 2226 7786 5493 7166 7812 1661 1761 4560 8828 5005
679 706 2163 5797 2640 9199 5553 2969 3354 4966 5185 8636
679 915 3725 5719 6036 249 4599 8009 6254 8116 9542 3946
681 658 1309 8296 4754 6948 6095 899 6799 2878 4633 4129
682 872 7800 3955 2194 8400 1298 410 6093 8005 8547 3707
685 0 1021 6288 9509 3297 972 7554 6670 1965 781 622
687 886 4691 9321 9548 4754 8251 4125 1781 4364 1325 5538
688 840 125 6834 5685 9441 6255 8881 5607 3631 475 1380
689 111 3369 6327 6487 5226 2604 8240 9205 2438 1078 7648
689 491 5060 8432 4545 9881 8615 4520 6919 4589 3733 4186
690 18 709 6397 5151 1438 9028 6473 559 4875 7857 7115
690 41 5359 7602 1697 6299 2101 6059 6747 6069 223 7323
690 185 1047 3773 1796 4534 3673 2962 4342 7546 4188 7149
691 219 4207 1048 2455 4308 7309 5487 6594 4747 4122 9559
691 827 5620 252 6999 7354 4473 5107 3032 7929 1331 4639
693 868 9834 2156 2990 9797 7168 7145 8267 2499 8646 8362
696 511 7698 8590 1293 7492 4108 258 5721 5202 4112 2998
697 31 321 2613 9717 3029 5826 873 1892 3300 2492 3866
697 355 8544 8838 1925 7342 3260 2030 9272 8176 1398 5304
698 6 7796 8576 9092 7784 1754 6513 3140 9379 9977 6528
698 74 6077 6558 8211 741 1011 4097 3808 1949 8501 9395
699 375 7830 6640 9434 4228 3927 9312 3567 8331 3668 8670
700 66 8066 5690 1919 6563 6649 2861 9893 4735 6522 7773
700 995 2644 8357 4723 4715 3607 2805 399 5771 2206 3880
704 543 568 2839 9910 2738 6281 5964 2360 734 4398 2064
705 337 8764 9289 3066 576 9174 8538 3496 1639 210 7560
705 785 5239 3292 4882 4707 2713 6734 8005 7303 7709 4168
707 385 6850 2652 9246 6055 9879 5335 9430 7639 28 3672
709 233 3181 9675 4649 6621 9154 567 802 3576 5872 7331
709 591 8814 8975 7961 3161 6245 6703 1443 2055 5857 7476
709 870 256 648 8560 8838 38 2334 1640 8751 5742 3256
710 176 4368 538 4380 6618 5671 6561 2284 722 5885 5789
713 54 9185 8845 8536 4176 8548 2746 5850 4220 3733 7893
713 976 7318 6112 5901 427 4928 1335 5950 9566 4995 2862
717 988 1515 5943 952 2473 5021 6461 4294 8742 2080 6985
719 350 3249 1338 1773 5516 6485 3517 8916 6918 3418 4299
719 756 7596 2448 3681 2202 9042 6343 643 6566 345 9523
721 226 7727 6476 2617 2950 984 7107 5137 3884 1076 1494
722 557 3274 5285 1010 3880 5132 2717 1238 8245 8717 1337
722 708 6185 1417 8776 777 9743 93 5766 5919 4470 8780
726 455 5443 8719 1016 3416 7256 9062 4591 6566 2715 4118
727 898 2285 1622 9366 9557 3680 2800 3013 6836 7626 7656
728 583 2215 2645 2483 2277 5573 9 5196 480 9357 2457
729 85 798 2474 1721 5019 1003 9376 481 9358 1595 3120
732 183 5991 4057 4057 3382 3457 7358 5391 523 4978 7611
734 712 681 3837 2933 1416 7740 1175 8044 7248 5572 6348
735 455 213 9957 7714 346 5174 4244 8919 3315 2846 979
735 789 3037 5898 2870 6521 5671 352 9276 2705 1193 6994
735 912 6839 5107 2905 8643 9185 9942 3532 2028 4958 2366
736 864 9253 8713 2813 2182 3556 1072 8110 9100 7286 4662
738 155 4823 713 8159 8707 7344 94 6842 168 6177 1128
740 367 1453 3006 7606 8720 4025 3900 7132 7322 3684 2195
740 546 4063 6880 6425 6194 7726 2338 310 8422 7732 3041
741 705 6411 8257 9902 9708 8257 2379 1313 1048 2620 5785
742 206 5844 425 3129 8486 8030 3669 2301 7143 6285 4481
742 324 9085 8843 1158 3722 9605 6136 3366 4330 7844 6920
743 415 4352 615 573 7963 1621 3880 4124 3495 2740 6289
744 86 3063 9232 4621 9296 6693 8508 9642 5907 4318 6931
744 382 1499 1825 4550 8668 6481 8233 3940 6443 5454 2419
744 622 9502 7850 3341 1222 7491 7313 1311 4430 5825 1410
744 694 4565 8377 8139 2906 2812 7723 9383 1828 8240 8290
747 50 3832 6946 1888 1258 8379 5514 7228 6102 9305 5625
747 628 7596 613 3687 4306 1030 3175 2963 8439 3848 1576
747 787 2463 9103 4248 6303 5641 6658 3189 8293 2900 937
748 584 6890 1059 684 4415 7594 6889 1493 4620 54 7820
749 48 1585 88 1749 1283 2302 65 1789 5777 8081 6472
749 66 6374 2389 6376 9474 9246 7990 1878 2362 7059 8078
753 335 1889 4043 966 3756 615 8745 370 8868 8861 7842
753 702 5262 7278 7556 9665 7837 6579 8572 6020 4776 280
754 524 1459 3364 8813 7373 9376 440 5708 1124 8840 5863
755 207 6859 6465 2911 3063 1370 6826 7493 99 9794 4462
755 364 4930 4526 8069 9686 3842 8999 3049 5005 5226 8603
759 309 9505 3500 1507 6443 2056 9468 3899 8868 7839 7304
761 376 8124 7914 8659 7017 9540 4154 1352 9447 7311 7030
763 618 1199 3904 9340 1556 7565 8334 1139 2041 1969 9296
763 812 7408 9638 1918 962 7674 2209 2062 5420 8422 3815
764 814 1983 7529 1579 1725 8804 6153 2684 1729 6772 5305
765 332 168 4498 8079 7269 8220 1847 3434 2596 151 9465
766 4 3205 2197 589 4630 9681 1491 6818 76 7573 4239
766 805 4052 7712 9040 7348 8106 1329 1354 2260 5751 4400
771 461 1536 4903 4453 1327 3018 1971 5195 864 4970 4596
771 673 4900 6875 7291 4124 869 3188 7201 8070 7420 1943
772 139 4877 1488 7896 5575 5567 1888 7035 4319 8935 6282
774 303 5990 740 7125 2991 5036 4944 4837 6333 6553 3054
774 669 8968 9581 9340 7149 8374 1350 657 1417 3485 6053
776 316 2914 9111 6174 7744 5913 1489 8188 4458 7062 245
776 885 2977 8452 6895 4653 2860 7884 5889 2984 2082 784
777 243 4099 7984 1591 7506 7058 4665 6734 7697 2538 6404
777 679 4860 500 7559 2733 1999 3317 9399 7868 3762 959
779 126 3298 8230 6387 866 3133 2939 3338 1472 1671 4761
779 215 1781 3100 1974 5356 199 2254 8804 3002 8963 5497
781 99 9818 3328 2062 6235 1294 7311 8842 4857 9815 3795
782 368 6781 9302 2553 9668 6161 1923 5746 8852 2724 3587
783 576 3372 5434 9248 9165 6300 4139 5487 9249 7826 2356
783 666 1540 9329 1885 3648 1519 3280 1225 1130 4559 6639
784 170 2344 791 1360 5682 8726 2456 2612 2308 5761 2161
786 275 6283 534 5184 1980 8504 8858 6373 282 2578 4916
787 28 3229 6146 975 8341 5705 9846 7148 3834 7880 5312
787 118 4768 9410 6251 715 5123 8608 6783 6818 8128 8225
787 500 568 976 2046 9069 7716 7680 8843 5495 3474 9582
788 256 7413 282 8849 7217 7721 8876 20 4047 5748 7766
788 430 9775 1697 1782 6810 2555 1063 1041 3709 7987 4241
789 387 3513 3 4089 9108 9272 8871 3970 9484 4640 948
789 478 2331 6647 7908 1788 2112 9342 861 1966 9498 1676
789 560 2122 7176 3567 1373 1694 3333 9778 4492 780 9227
792 326 4028 5718 1320 8055 7206 203 409 5345 6541 9159
792 768 5198 2612 3779 147 9543 1811 3824 4820 140 2231
798 808 8338 4291 9512 7310 5116 2720 1677 183 1767 8582
800 434 3722 5127 188 8936 757 731 5649 5384 3309 7715
800 501 5751 440 1867 3993 6874 7973 4035 5853 1740 7401
800 990 4976 2549 3894 7992 6685 5049 9526 1161 7121 7357
801 124 6563 8048 8530 1231 5016 541 4702 3646 6929 8983
802 257 6633 146 5714 4340 8615 2843 8818 6640 7950 6218
802 617 3908 7779 1494 6084 8968 6845 4860 3535 4129 1372
802 757 905 1353 537 7505 5623 2668 5265 4840 4129 6835
802 904 4484 9302 3360 6792 1721 3909 8563 71 8508 3341
804 301 7319 198 2663 1809 7524 1255 6976 1118 3256 1525
805 23 2768 9949 8186 6357 6891 6886 9487 2068 4675 7593
805 389 3986 4216 8744 7218 2092 7656 7232 1774 658 3625
809 23 7122 2433 2382 1963 5718 9605 9390 1008 3172 6921
809 202 1551 3322 1249 6104 1003 9956 4371 1065 4479 1659
810 500 7269 7648 8535 9537 8543 4556 1202 3187 5733 4480
810 845 4935 2116 6579 4314 4328 9079 4144 8856 3569 9331
811 334 1485 7023 8854 8427 4446 7750 3915 2018 5058 7820
811 418 4702 1722 6388 5485 6411 4894 4135 1619 8766 3167
811 760 9655 6648 8 8379 6134 8002 6104 2600 7403 8616
812 38 251 1300 640 7402 207 3905 7431 761 6818 5886
813 584 7045 5102 8117 2877 9081 9910 6085 2536 9199 8037
813 761 2016 4210 2684 1434 9720 9066 6570 9726 2757 1173
814 231 8550 316 7111 1977 2937 4867 4638 9807 3824 3226
814 566 6763 640 8272 1245 7903 253 9454 5212 1604 2365
815 56 2334 7128 9582 4420 9247 8477 8471 987 9527 6958
815 63 9562 570 2229 2311 2355 1662 3522 8276 3183 6725
815 296 5085 644 1279 702 7745 990 8033 1834 1878 3268
818 229 5033 3948 5605 9195 7019 6872 7059 8063 7484 7803
818 863 9866 3988 9640 9887 8502 343 745 5335 6873 821
819 189 912 2719 6327 6167 6819 8939 1036 8 5867 8198
819 680 910 5329 1292 3466 910 9766 4526 3279 1197 7072
820 422 4323 7284 1370 4621 4986 3630 3424 5528 9565 9087
820 525 5226 6182 5736 1188 8075 1492 8120 3430 5012 8608
821 223 7374 6474 6851 9149 8238 3100 6635 4448 420 609
824 51 1445 8929 6725 5100 7918 5142 6536 699 2555 102
827 321 7249 5682 2678 8334 6736 5822 6561 7966 9385 1334
828 827 5392 9687 2660 4731 3669 1524 2446 6075 6057 819
830 220 786 9474 3957 1035 3240 1740 8635 733 3037 328
832 588 7912 6334 9639 2534 6038 1724 4518 7668 6780 5237
832 624 5136 7718 5866 2141 334 5994 2439 2043 1582 7216
832 877 6567 8128 266 5454 3003 2162 2051 1350 1714 5416
833 164 4997 948 1800 1574 344 724 4086 5696 4430 5062
833 764 4552 2070 5275 6850 6076 9593 5788 6757 5848 2103
835 371 5860 3175 5840 1601 8739 5207 1136 1770 7552 1722
836 740 1089 5795 1738 7213 2973 6635 5347 5893 926 4502
837 56 1715 1267 1741 66 4884 785 2093 7455 4956 1502
839 721 173 2808 1976 6544 3436 2884 580 5082 1314 3922
840 106 1557 2596 3204 8786 7930 3793 1744 4240 4855 9740
842 74 5270 8261 4402 3406 6362 55 5321 5680 4618 8527
843 266 4127 4496 4989 6983 3086 2054 8581 9275 2763 2152
843 351 2003 3158 2350 1206 7989 1699 1174 6708 362 3348
843 389 7102 7017 2022 9044 8244 2874 6958 4645 6616 8297
846 595 8485 3892 1185 5790 8746 73 820 6617 2078 2809
847 512 1525 8416 1937 7397 7570 4381 1251 474 8575 3039
847 673 2654 496 6048 2648 4862 9792 9669 8465 4736 7180
848 151 7053 6348 3785 6764 1750 807 7197 3103 4107 6123
848 200 9683 1249 7453 787 1698 4339 3002 950 242 8543
848 440 297 82 8622 2814 2407 6384 6724 5683 1931 8240
850 373 853 4323 619 1262 8403 4884 9419 879 4287 4378
852 516 6436 5149 9464 2495 6229 6587 5209 8809 4366 4766
852 994 2463 2014 7717 7115 8288 9878 9536 7123 8180 9323
853 260 7092 4849 9727 212 8137 3536 3435 9659 9430 5236
854 209 3603 4907 4779 3649 6224 6735 1705 7192 687 1131
854 343 8325 6823 6105 4435 1083 9996 6074 1029 2854 7603
854 558 5143 7568 6218 3554 3553 3323 5740 8429 8336 3139
855 322 8228 4143 5103 1573 2348 8718 7691 2492 4684 5856
856 364 3840 5322 86 3311 9123 7810 2574 5117 4759 1342
858 350 6377 9979 2511 6044 9671 5108 2550 2811 2820 3438
861 35 9596 8873 5918 7573 6960 4269 4091 9744 1758 9350
862 352 3803 789 9727 6324 7499 5628 8672 5104 9838 2187
863 464 6052 5335 9358 5280 5079 4568 4690 1050 7486 8107
863 708 6276 4247 195 1580 954 2600 1538 7607 4339 1496
864 351 2953 3815 640 4154 9755 4597 9648 1452 92 9327
865 355 7393 2221 5602 7471 2033 2652 5468 6124 1246 7876
866 227 2264 1728 4631 8229 1540 1095 4894 204 8804 1325
866 277 497 2290 9207 9386 1989 7479 8642 1232 8475 7666
868 95 9954 7424 4626 2162 2452 5133 7820 5689 4681 1080
868 203 2084 7442 7877 4755 6289 8684 587 1462 8483 7832
868 522 4963 5973 1150 7671 2796 9486 4746 2190 9556 2254
869 91 3811 4173 4441 4804 2958 2738 1413 9205 8555 9909
869 844 5911 7368 6513 9606 8747 8352 3677 9048 5710 7338
871 768 6088 6438 9577 8465 7376 3188 2508 2307 7995 2936
872 312 599 790 4419 2432 2973 6823 5920 3880 5644 6211
872 426 4756 1581 813 9190 2828 6005 1055 6420 1204 8907
872 479 7691 7168 4640 9843 1616 8221 9787 9259 9011 5582
873 41 8733 6638 217 4912 7930 3006 2353 7730 1077 8911
873 436 3844 4111 4792 7606 8417 3836 5355 6586 5395 6159
873 754 888 9918 6741 8137 603 9204 5241 7269 6877 6695
873 837 7782 4583 3914 2066 5321 5544 2176 8424 7198 165
874 254 5708 9566 6539 4731 7853 5855 5553 9978 5426 8528
874 861 3602 8693 6596 3375 7618 3084 2676 978 2700 306
879 75 6195 9678 9601 1588 7670 7036 1673 1222 4311 8248
881 29 9892 9694 8680 4278 4406 380 8153 5138 6013 2206
883 76 6722 5751 5286 3506 1744 1308 2339 6316 8394 6715
883 207 7874 3850 1395 1842 2505 3780 7849 7813 6641 5188
884 181 5389 5711 6439 7796 1071 9458 3882 9701 2150 1011
886 245 4693 8321 9674 5280 7028 7976 8166 9723 5024 4474
887 704 4397 881 4479 6835 5871 4386 7182 4973 5628 9145
889 198 9038 2705 6144 7450 1055 1092 7295 9166 4960 6661
890 494 3253 5784 4984 8614 5193 3361 8502 3545 2113 9502
890 586 3359 8856 9545 7116 7864 6349 5384 588 3235 9427
891 413 3511 9877 7280 262 7121 3865 4330 1258 6370 7742
891 748 2291 9856 6930 3318 5024 4093 6693 794 5485 6838
891 851 3046 5022 1008 3356 4703 3434 4813 7458 8370 5325
893 754 310 4750 1586 5439 2717 6393 4418 2543 3193 7483
894 214 4456 2389 4129 7040 365 9727 2399 9182 3656 1327
894 243 6330 2206 2607 8934 8408 3235 4533 1794 9428 9402
895 60 8201 6399 378 8583 4396 1606 1960 9074 2127 4297
895 468 2230 4952 6613 1387 4464 3547 7901 4570 9475 8030
895 810 9398 9415 9683 4185 3781 8089 6005 4018 1172 5893
896 185 149 7739 7155 1126 6381 4004 3228 6760 2719 525
897 656 9667 246 8865 4570 356 2365 3796 9631 4360 7365
898 10 5341 9843 3327 569 6671 9945 5911 7863 9285 440
898 14 4978 7521 208 6680 3762 3839 4073 7356 6682 3709
898 145 4788 9078 4190 2952 9881 79 9289 9772 6001 3436
898 977 9773 7534 5535 6728 6933 3910 8441 9652 4976 7177
900 22 119 8003 7996 8098 1922 8077 7633 5872 3990 7688
900 279 1075 1596 2477 7296 413 1655 5877 3503 7982 2364
901 62 1647 1236 4401 7735 996 5638 5769 2124 5912 8568
901 576 4149 6596 4367 1490 8088 4615 1264 141 8933 1633
902 89 2962 511 2163 6417 5700 5931 641 8160 116 5425
902 130 3183 374 9194 8372 715 6366 7588 6274 4952 8071
902 790 7641 9961 9856 6855 2211 7147 6830 8883 3881 427
903 959 2128 9737 5264 6516 1226 4135 870 689 7171 9743
904 248 7874 3558 9724 4311 5145 8885 7776 3012 1740 9175
907 913 7967 4115 3884 8381 3414 7290 9685 2963 6738 5464
909 421 1905 3752 2060 9531 5484 8585 4004 4321 4270 9411
910 516 386 9193 2842 6284 2055 9041 8013 6096 2191 8092
910 612 8903 2565 6127 2366 9024 3045 5390 2083 3099 7838
912 115 3720 7857 4061 9856 6460 5160 939 3445 1468 8565
912 309 9869 1128 4654 419 7329 7875 4544 3496 2865 6786
912 434 1237 7063 7798 8326 9270 3519 9927 4336 7342 5745
913 321 1829 871 6314 7497 604 6112 5907 549 3396 7864
914 496 2506 9281 3551 2628 4607 1160 4902 2320 350 9243
914 695 9316 8186 5341 5313 3329 6272 639 5223 1254 7379
915 209 9927 1899 2379 2131 4145 140 8973 7867 901 3130
915 312 3381 9653 2501 3162 3527 7627 3570 3449 1949 7090
915 345 8633 622 9081 4947 6995 2887 6659 3865 8966 1026
915 867 6814 1012 237 6573 3044 6115 3261 4895 9317 6646
916 898 5710 5121 5501 4474 3964 3340 3196 2664 2983 4745
917 332 6869 5470 575 8186 7982 1658 7508 8047 474 9729
917 369 5101 6654 1115 1388 3180 704 364 3228 1573 5617
919 858 995 7837 2055 5693 1942 8263 6996 7775 1678 6847
920 383 9240 384 5136 9176 1559 7378 3208 9915 995 5694
920 398 4168 9964 6297 3028 4143 1420 8535 3030 5736 2108
921 93 6703 4921 3797 4906 9886 1281 6187 885 3428 4730
921 805 3718 2556 9891 7198 3752 7725 5659 1184 2320 7140
921 969 7339 7243 7076 6305 5008 1076 6283 9729 3982 5014
922 40 2834 4915 1017 3041 8182 9875 4968 3234 1592 7493
923 156 5269 271 9852 4989 3502 7595 1964 8358 3872 1173
923 887 8408 70 3946 8641 1182 2347 3891 51 7608 961
924 420 1216 7388 4971 7993 7062 6191 9617 2043 7641 2906
925 942 6356 5716 2447 9 5222 4197 3884 5127 3837 8310
926 814 3081 5648 2700 7167 67 7202 1030 8838 1580 2989
928 355 6560 9561 1073 2904 6973 1588 1014 9132 1973 3289
928 703 2239 1737 2755 5140 5036 8861 455 9297 3067 4583
929 590 2050 2926 533 5849 1286 8568 666 9461 3089 4170
930 224 5877 8295 6518 4263 5214 3644 9227 4438 8045 8941
935 391 2337 464 6701 2937 8003 9239 7064 15 3748 4290
936 88 6181 1885 2770 1362 377 2016 6885 2124 5510 3496
937 790 7864 8530 9140 9990 2804 8501 8641 3275 7531 3301
938 890 4992 9904 8357 2691 3001 5329 9740 9203 3213 463
939 183 4785 4864 6879 1839 6382 7729 2161 9263 2007 3250
940 221 9212 3921 8227 3912 1794 8358 8140 3668 3925 9867
940 783 8085 6519 1280 2276 9052 857 981 349 3488 5942
942 478 7929 753 3078 4359 4194 3156 9048 8830 5698 2422
946 320 8468 926 3870 7223 8637 9799 7390 6375 7623 148
946 615 4284 3229 1112 8267 368 2900 2146 4655 349 8567
947 202 5493 8939 4580 4425 1783 1958 4244 2956 3409 8827
947 718 7866 8275 1948 9155 3665 7667 1264 7946 9038 1494
947 850 5061 5523 6069 4236 6871 7843 6327 1114 8621 8028
948 456 300 5010 3327 4633 2577 6628 4934 4902 3518 5534
949 636 1187 675 2877 5873 6538 7807 260 8737 2138 4613
952 417 1468 788 299 9463 8339 2994 7405 7308 1598 6885
952 796 4160 5913 5321 6152 3519 1380 8310 3402 3637 417
955 418 7041 1204 6969 3055 9880 4790 9196 688 460 7152
956 306 1224 3936 6309 7865 3939 9914 5571 2747 589 2665
956 429 1241 3832 9186 1842 3348 2655 2188 8241 5901 8715
956 609 415 8626 3376 7145 2337 599 686 9405 3073 8605
956 855 8577 5635 4919 7201 8387 9246 1140 1301 2197 6165
957 8 7759 584 7572 6822 8857 1920 5269 557 1230 9368
957 951 3587 4920 2502 333 7003 9616 841 4342 2236 481
958 878 5211 3731 7393 8204 5528 452 4311 1139 9663 4846
959 196 8510 3340 1434 8093 9827 8013 130 4702 747 8366
959 798 4134 9004 7469 7837 6524 3024 4167 2382 3101 8435
960 715 3953 5342 6712 8652 6380 4808 1952 2284 5700 5457
960 988 8805 9697 1728 3608 4239 8407 7385 9120 6107 4793
961 475 1685 9034 5796 2230 737 6589 327 4686 5742 5108
962 145 3051 6793 1200 1775 905 196 4730 8590 2183 8873
965 759 6078 5418 3453 7936 415 8265 6948 1596 931 8969
966 413 7663 8440 8848 2587 8762 8214 2641 4284 4889 6904
968 237 5862 3456 1908 5395 1162 7984 1232 2929 5245 2492
968 362 1365 6050 6199 422 2930 942 2324 1587 5375 8246
968 848 5064 5060 2584 9534 4318 2098 2052 6298 6614 738
971 15 3539 1120 4062 4454 9309 9418 490 8860 373 1528
971 899 953 7386 735 6550 9304 5867 6656 4762 2068 8933
973 505 4659 1947 3651 9824 4937 3989 7845 4726 7759 6868
975 641 4059 1142 9781 8960 6236 844 8021 3797 1079 6081
975 964 899 836 9210 4088 2844 2926 3250 6287 6136 326
978 254 8930 7188 8598 8182 1642 1618 1924 908 618 8738
979 321 5329 2780 6094 5605 5502 7821 5163 2119 7886 4894
980 644 4741 1797 3832 7572 141 6287 4981 6333 4182 9890
980 963 4165 3060 7335 1684 6782 4169 7404 4558 6510 5945
981 729 4156 4457 8746 4432 3407 4181 2229 6808 6588 6477
981 936 6252 83 5123 7186 3974 4769 4104 5271 1748 8265
982 642 8288 8918 1293 8021 1781 7611 6021 4984 741 2785
982 668 9924 5340 1577 8545 9060 9784 7404 2070 3538 645
983 344 3723 9441 1060 4158 3905 6666 622 5384 3652 3478
983 430 9564 239 4206 9380 8624 7632 2402 8336 7844 3642
983 552 5460 7421 8783 8730 6869 1343 8416 2588 2146 4438
985 1 8095 8546 3318 4687 2946 7892 7745 9406 4451 157
988 732 4257 6842 8043 310 1725 9923 987 9856 3223 6326
990 886 7509 4455 78 3101 3359 6874 6707 845 8553 5341
991 907 9461 1819 133 597 7508 3732 3355 5797 2655 2045
993 817 1648 9623 9123 9282 2677 3874 1878 7989 7148 7922
996 682 215 5183 2997 674 4916 3878 5603 8402 6700 2147
997 669 4896 7641 4366 5552 10 7356 6905 2174 7572 9313
998 643 5603 4923 3017 6709 3502 5593 3529 319 8890 1719
