1000 5
0 707 610 4081 4870 135 7427
1 153 4894 9618 8842 9179 5399
7 888 1992 9252 1169 8898 2804
8 487 2058 6740 5672 8547 6449
8 847 3376 3191 332 4672 1566
9 224 9085 9509 1631 7893 111
9 253 1059 2771 8819 9669 5070
9 361 6160 2943 1500 6804 4306
10 198 5174 3850 1516 7255 8668
12 268 3354 4873 3533 933 485
14 217 8570 8985 5655 8254 5838
15 450 2838 8918 1860 6567 68
15 592 5279 6290 1182 2124 3872
17 219 1872 1068 3134 4540 334
19 835 4803 3114 4342 3406 1770
20 113 9631 7077 4961 2289 487
20 437 2754 2295 2009 6852 2792
21 219 8286 2763 3671 8543 9449
22 275 4787 7059 6602 3661 2003
23 744 6069 4250 2376 4827 9711
24 128 7761 1132 8750 5911 9403
25 665 7359 1667 8508 6316 3688
25 704 2164 8741 9675 1853 2362
26 239 6093 645 9792 5119 1047
27 486 8146 4269 3594 9035 1203
28 899 8009 3411 5171 7578 6072
31 656 4527 659 6688 9103 3447
31 834 6784 282 1191 4316 8005
32 817 3637 8413 818 4131 1827
32 859 4854 8143 6200 2156 9517
33 88 9335 6401 5670 8022 2665
34 676 737 2763 1870 1844 9773
34 744 5657 2242 3774 2855 6379
34 784 885 2237 8031 3567 8317
35 405 5456 3891 1828 9898 4843
35 802 7186 3450 1572 2709 3279
35 934 9823 5331 4859 2539 5984
36 750 5450 4013 1851 1003 8874
37 55 6211 5720 4290 783 7680
37 230 7379 3837 2331 8110 3389
37 411 2670 6192 1413 8357 4703
38 943 8131 904 2483 3862 8695
39 303 2839 1235 8241 8147 2028
41 992 8186 4939 6158 7127 456
42 975 2010 3485 6075 2946 8394
44 38 2038 1518 5342 5160 9446
44 798 2729 754 7395 2492 2776
46 209 9402 9149 602 9179 1293
46 597 231 2747 786 813 1264
47 320 3645 9952 1397 6535 7191
47 382 205 5772 3789 7604 4346
49 350 8572 3568 225 8071 6946
50 911 9745 3531 7917 8555 3596
51 621 5656 6089 8598 9489 150
52 464 3149 3870 1902 8323 9519
53 859 2791 3881 436 4359 2127
55 210 6578 9335 1495 4075 7115
59 683 8224 1328 3710 6723 2334
60 795 8184 6977 9882 7683 3157
60 989 6052 3555 2612 3091 7561
61 294 4527 9212 758 3803 253
62 125 817 5792 5721 2055 1823
62 576 5476 2802 5680 3279 2179
63 67 8855 8267 8492 2713 2163
64 30 1780 9030 2393 1265 7430
66 504 8112 6620 1040 4533 1781
66 763 5004 6751 8540 5292 7607
68 76 3235 6520 7424 7281 2472
68 211 275 5484 3035 6232 1532
69 271 961 9629 9159 2691 1414
70 650 5621 2628 2860 5467 5628
73 485 9379 7550 7999 7589 8519
74 314 8155 2012 3958 4885 8218
75 78 1919 2115 2496 7276 9458
75 734 2125 5043 1956 8930 229
76 532 5028 2178 9746 3902 3071
76 590 3426 7718 533 2071 6999
76 666 1350 6743 8182 8778 2221
77 506 3385 2389 8473 3653 5440
77 843 1383 5709 2308 9179 279
79 679 9338 7224 5195 5690 1280
80 258 1338 8827 6801 3889 5465
84 332 9498 9936 1032 7666 6837
85 232 195 8392 9272 8552 2836
85 475 9985 1527 7702 1791 2102
85 487 7364 5320 7226 971 2998
85 857 2447 8167 3639 5884 1543
88 572 5448 8883 2795 3526 4487
90 971 532 5065 3302 4977 298
91 847 6734 2915 8196 9379 6431
92 909 9315 8349 1938 1404 9412
94 698 3835 860 5499 717 7109
95 481 4636 9810 4767 5371 7863
96 140 8972 4455 3993 3947 7687
99 307 1489 2595 2533 9613 5710
99 595 7736 4795 3306 5508 3210
99 741 4100 8034 7558 6085 5247
100 53 9604 8256 4651 7621 2478
100 206 4072 7534 4790 5521 5673
102 168 3335 4637 3493 2865 3814
105 241 1481 586 2851 5657 21
106 151 9542 7707 8887 888 4225
108 267 7338 9621 7060 6079 7764
109 955 384 1498 4755 7630 2578
110 442 5453 7700 8049 9059 5028
111 933 2279 1234 9104 7244 8717
117 877 1619 1403 8976 9585 8853
118 420 8855 7538 5328 5335 2170
120 920 3657 9757 9053 5528 4770
123 372 3303 4613 8259 139 3786
124 38 6550 9555 3654 9304 5313
124 769 4177 9524 8473 1730 8173
124 898 3402 2111 5993 6202 3689
125 28 3609 4442 4874 1165 6068
125 395 8109 7592 7707 2252 4070
126 135 1175 2637 9540 6729 3355
126 375 583 237 1681 6939 1001
127 102 8503 3695 2507 6908 4360
127 388 4429 345 4887 12 6036
128 888 3469 6023 2820 4255 1679
129 42 6381 5098 4409 4875 3742
131 401 9286 6725 23 7104 674
131 716 9523 8051 1057 406 6799
134 21 1176 8603 9486 7760 3514
134 586 4645 4940 1095 8581 9356
135 415 8318 8171 7611 1417 6187
136 696 8204 3844 3812 1720 779
136 968 3234 7930 5155 9239 1767
136 999 1656 1494 1207 1302 6067
137 43 5959 3837 8483 5458 7583
137 50 3067 2096 8696 8962 5749
137 186 1694 2590 3948 5026 1316
137 303 476 8168 4557 2925 9440
139 298 8562 8316 5596 4530 5392
139 402 9628 5765 7065 7899 5700
139 525 8272 7539 9915 5412 4379
139 625 1304 2542 7320 7252 9633
140 241 8948 1520 1450 8476 5693
141 103 2961 408 1951 4204 690
141 518 3005 6184 9897 9883 8983
141 549 6883 3309 623 471 5240
142 479 9940 7089 7389 5280 9308
144 479 8660 8957 2227 1425 5085
144 641 6946 1594 4576 3126 8108
146 298 4887 6755 737 2545 3415
146 376 4381 2856 5025 5547 9703
146 749 7161 4181 6255 3648 2127
149 340 4836 7114 4435 4115 4542
151 509 885 3732 4076 8742 6809
152 376 8099 322 5916 4333 7183
154 257 1318 441 9323 3965 948
154 623 9209 1714 4742 1696 1202
157 912 1698 3944 7849 94 4401
158 369 4385 804 7220 3510 6922
159 8 9973 6356 5923 9080 5511
159 666 4657 8538 6954 5846 6450
161 449 1232 1395 8356 6558 2844
162 684 3181 4564 9024 7148 8095
162 801 6442 7039 8354 4891 1081
163 898 4529 6334 7031 5570 9221
165 182 1253 4497 7021 2719 5511
166 103 1876 1542 9931 2591 7535
167 852 7334 8826 6579 8232 8729
169 872 5358 7049 6738 1463 2831
172 391 9833 7083 1312 6031 9330
176 145 7253 6941 1257 1730 6608
176 931 3243 6354 2506 8297 3618
176 954 349 2097 6816 8296 6368
178 484 60 1143 1798 5129 7072
178 931 9205 7145 6503 4452 5614
180 121 167 3748 4180 7131 5749
180 894 4871 3962 5654 253 1884
181 141 2288 3334 914 9171 8943
183 196 6754 2276 8067 9935 588
183 487 6921 7513 8075 4155 8159
185 229 3266 5389 4464 8896 4772
185 609 2447 1016 250 6733 4745
186 584 5464 5895 6958 5036 7576
186 669 511 8581 4928 3834 7272
186 743 7579 3238 9574 6622 7348
187 546 7951 6265 9343 181 4308
187 698 3101 2883 3327 137 1267
187 929 295 1866 344 809 8988
189 367 4968 5584 124 3766 7076
189 611 6106 7810 5153 2620 5368
190 243 6820 3062 3651 8432 9499
191 127 909 5475 3956 6904 4580
194 0 2179 599 3306 9081 2065
194 504 4437 8682 8576 3923 2515
194 505 3815 6134 3190 4925 8447
196 98 7458 7998 4497 975 6144
197 234 949 6887 4400 6097 5932
197 984 3135 9721 3966 6970 4710
198 892 7187 8267 7196 7959 7422
199 765 5716 3194 1835 3161 1348
202 839 8560 3868 1250 8686 1310
203 326 5868 6530 2990 5529 6912
203 971 2868 3687 5335 1349 3
204 370 8434 5306 7726 6742 5657
204 371 4268 2803 9286 1238 4198
205 248 259 1589 9606 2042 683
205 526 5437 3835 2334 6266 6899
207 449 8301 6192 1538 618 8280
207 553 4612 3770 9803 9406 2539
208 302 4027 9569 3811 3766 7498
208 919 2336 9862 5919 1775 5719
209 880 2520 6736 9329 57 439
210 46 5283 5479 3590 8340 7117
210 119 6255 6509 9422 828 4065
210 653 6411 2244 9784 2231 5980
211 492 9730 8668 3818 6965 1474
211 974 372 5452 3907 9845 4139
213 161 5698 5534 7028 7189 4356
215 159 3628 2854 8235 7863 8239
216 166 1217 5162 377 2494 4932
219 333 5623 2902 1413 678 5265
220 504 4498 3393 4343 7587 9558
220 640 5578 7176 4483 1285 9360
223 691 6944 3591 7636 2303 611
224 29 3451 1797 2865 7698 3970
224 138 6523 7147 7794 9207 2701
226 27 9978 3785 8075 6909 8209
226 46 1204 318 4183 2394 3002
227 27 9333 9154 1337 9844 9838
227 896 8234 9844 6978 1670 9632
228 463 8842 1790 7822 7803 9856
230 802 1983 5136 745 8069 3983
231 146 4271 2047 957 9049 6184
231 889 9817 5729 2624 2509 7632
233 432 9919 1309 5308 4126 8816
233 977 733 2371 8381 8443 4105
234 362 45 3343 6773 1565 2784
236 355 7426 9455 6316 2672 6517
236 358 8105 4314 47 186 738
237 837 4594 7972 6393 3788 1303
241 499 1612 8423 344 1104 6919
242 379 1295 9588 65 945 6960
243 268 7926 2453 6266 940 4552
243 414 2500 8496 4138 8696 7739
244 585 74 4727 9027 8764 5878
245 397 1947 8107 8732 3968 7927
246 674 3691 8459 406 5529 9121
247 245 6403 3214 7328 5373 5283
247 648 8901 8673 1935 6354 3541
248 134 3795 8636 8638 9226 3056
248 609 8126 8556 994 4845 5785
250 685 6619 4159 4866 7640 5465
253 646 1897 3718 2310 311 7636
254 351 722 6436 6737 3717 2286
254 791 3964 4604 9019 6653 5634
255 713 2131 9649 1033 8514 5439
257 275 1962 4979 7769 6446 3661
261 6 6080 3819 5538 1906 3829
261 56 9840 7280 2098 5720 9199
261 602 1062 2607 7194 3191 4267
261 762 8504 5461 3019 3997 2744
261 958 4701 8000 6500 8358 2343
262 119 6167 3694 4586 3370 3401
262 743 6009 8688 1402 8737 9918
265 392 2127 1195 8469 8660 4577
266 303 5824 6932 1412 692 4414
269 569 1480 7824 9911 8868 3747
269 571 5642 6083 7018 6792 8001
269 715 4637 405 1089 8889 5644
270 237 2222 7378 1757 3528 5283
270 753 2790 3078 281 4817 5261
270 823 1658 9608 71 4013 6359
272 982 5760 7865 5385 8164 1325
274 506 9216 3086 84 7329 7730
276 908 1691 5716 5937 5343 9302
277 11 5698 6512 5599 5236 7836
279 302 128 6649 4873 3559 248
279 439 7208 5183 3653 6488 8011
281 463 8892 7057 9398 601 5496
281 819 4740 7818 7384 8916 7261
282 188 9388 7391 1439 3231 9795
282 298 8711 5859 3628 9597 1115
284 126 2057 2307 2530 4464 6584
285 37 110 6218 967 9513 8928
287 271 1923 3712 8368 6544 1668
287 346 2318 3395 3214 361 6365
288 454 3625 9625 3391 5547 413
289 322 8124 2948 4151 9014 9553
290 7 5787 4044 2214 6055 2014
290 245 1776 7514 6430 8900 949
291 217 9417 1806 4937 7555 2140
292 104 7758 8362 1449 3634 4770
292 296 1889 2989 3034 2745 4150
293 432 1640 644 9785 3563 6533
294 89 2155 9080 3314 624 577
294 250 9497 8647 6325 7050 4721
296 414 5909 4344 3915 5289 7300
296 468 1157 2494 1826 3242 7704
296 746 4571 1601 6827 7840 8832
297 286 881 944 8017 734 4291
298 969 5227 9486 3120 3129 1262
304 133 9287 6030 7013 2176 5232
304 854 3696 8067 3140 3588 2562
305 94 5382 9570 6395 9434 6524
307 580 9630 7192 5902 170 6089
312 104 5927 4991 9111 9741 6563
312 732 202 9281 3034 4658 9836
313 615 567 7485 2015 304 4806
314 272 7141 2099 3471 7448 1796
316 46 7828 4618 1547 5460 2915
316 731 1765 7504 6665 4807 1645
317 70 5376 3234 6912 329 7119
317 883 3985 7919 5117 6843 3013
321 606 7737 6010 115 5174 9578
324 967 8831 9900 1931 7278 2352
325 74 7969 7823 5043 8871 773
325 701 7593 1923 2842 5370 2573
328 337 6258 3186 9880 9787 4649
328 628 1518 5474 871 7856 3480
329 89 8976 7226 2960 206 6508
329 322 7558 207 3558 5835 2585
329 365 6605 8305 651 8257 4799
330 512 3872 4822 4223 3694 3689
330 712 4959 9503 4453 3190 9010
331 411 2983 344 6663 1940 6963
331 889 3899 3565 7066 9954 6416
332 253 6154 4444 9703 1291 4295
332 291 8928 5324 8459 3486 9986
332 460 2054 1184 7260 1874 694
333 347 4235 8759 8418 9280 6995
334 951 1115 4231 595 4639 4528
334 952 1024 8803 5461 8573 816
335 842 6592 2847 6532 9852 7400
337 452 7595 9107 4114 7094 9266
338 294 9409 3578 4975 3905 9949
339 274 4792 1726 330 4523 1789
341 161 7831 5459 7440 1678 9958
343 500 6685 2788 8988 4007 8324
344 871 5324 8317 6925 7929 1800
345 352 6951 3903 3386 1908 8496
346 872 6846 9584 6396 329 7504
348 889 1319 2904 661 3002 1506
349 872 4371 6497 6224 5900 5139
353 967 2318 9437 6915 5713 4784
358 209 9041 147 311 5714 548
358 802 1515 5408 6963 7669 7111
360 424 9895 7689 4209 4724 2828
362 215 2745 643 5091 7474 557
362 440 357 5955 5073 4039 9286
364 143 4351 4534 7785 2695 5797
365 430 115 9598 6349 9941 5885
367 248 2416 154 1843 352 1260
367 483 8424 9523 5171 4362 4043
368 982 7567 8619 1937 1795 7318
369 278 1494 9396 8066 948 1552
369 457 918 321 2482 7673 9530
370 96 6195 5367 7516 8013 661
370 548 4643 4585 1707 981 6939
370 954 731 1025 8352 5220 7863
372 75 9832 7146 4549 381 7062
372 419 507 7215 5283 1732 7422
373 562 5431 5590 9248 834 9982
374 239 3496 4035 5005 8239 6207
375 910 3163 5037 7821 4506 9379
377 489 2355 6909 3491 444 3070
382 971 1237 2597 9293 5301 8979
383 703 6020 3841 7501 4866 9501
384 103 6817 6910 4703 3293 1091
386 313 7885 7845 2990 2361 6824
386 434 1347 8660 6000 2253 5714
387 60 9911 872 4409 833 5867
388 688 8508 6862 7792 5819 6523
388 976 3290 7380 9897 4544 9873
389 518 1312 7951 5575 958 8389
390 181 5669 612 4142 2639 8366
394 597 209 7356 1938 8118 8701
394 718 4543 4079 8023 2435 7892
396 972 6625 4560 4856 2256 7171
398 527 9592 1028 1135 4577 3760
398 902 8155 9245 6703 1716 5635
399 857 3863 7719 5781 6510 9636
401 656 449 6513 5425 1098 8063
401 761 7526 672 3626 2145 9695
401 763 9645 4563 2506 3449 9708
402 263 1176 3409 664 9104 7839
403 681 763 4470 1001 3533 1552
404 455 522 747 8205 8236 8849
404 832 7984 8670 2161 5934 5093
406 196 306 3923 6471 5555 8042
407 137 1760 8417 1902 712 9449
408 154 4716 8788 33 812 4157
409 18 5335 6501 1235 874 8255
410 308 6446 9010 7066 5542 3330
410 476 1747 8704 220 8375 5711
411 473 9971 28 8799 6928 286
415 645 2992 7487 2614 7250 1486
416 4 545 5231 6481 3111 41
416 353 9288 2432 5943 9646 837
416 465 185 5199 3450 4873 6839
417 0 8900 6174 4981 4361 4949
417 512 1479 2707 445 10000 7253
419 278 3792 4851 7154 4064 8291
421 296 1689 9837 5412 3765 1530
421 328 4258 3176 7342 5020 6011
422 531 5802 2874 4693 1280 7172
423 661 9206 2176 8349 5371 2853
424 905 8360 7893 5972 3652 4264
425 121 3669 2042 2130 1665 6568
425 604 2690 9068 6209 7715 6311
425 605 8498 8303 3693 4534 6653
426 31 5631 291 4034 1163 7217
428 344 7348 7980 3946 4106 4556
430 598 3393 4184 7524 184 3925
434 595 9986 6904 8979 1520 978
435 845 4422 3788 5852 8011 1767
436 27 2586 6665 8002 3633 3922
436 524 1774 5545 4778 2692 1529
436 532 6802 4102 896 4980 9200
436 936 6058 4990 8918 3707 6610
438 679 5060 4102 4008 6368 6554
441 9 6571 2110 1440 9410 2163
441 643 9448 4649 8795 5711 9773
442 288 6862 7593 6713 5421 2228
445 213 6057 4433 1549 2532 4273
445 463 6690 1571 4896 1550 3697
445 577 1428 6270 6735 9840 403
447 579 963 3306 5540 5658 6967
447 860 3230 1281 6624 3911 8749
447 870 5290 6041 5853 4714 5759
448 863 129 3927 4140 9125 4221
449 968 3851 6975 8149 5867 9626
450 452 5173 707 4247 9040 4443
456 246 2281 6581 3676 4139 3507
458 136 1072 9821 568 9503 6045
459 447 636 6493 4643 9084 3776
459 510 2398 3934 8099 7547 2472
459 836 3908 8090 1519 1544 6025
460 322 9393 9923 8978 5528 1838
463 794 2354 2061 2375 9456 9246
464 885 3374 8330 7124 3625 4419
465 412 4898 9286 7582 4852 7620
467 526 173 7250 9565 3768 150
468 604 1312 8464 8421 9815 7219
469 811 1296 4910 353 5448 5951
469 882 9761 6916 3340 1187 6961
471 355 9521 3128 8650 854 8423
472 880 8576 723 3511 2744 3861
474 524 1677 5935 5461 5716 311
479 358 4108 9283 7054 6809 200
480 438 1452 623 2345 8441 1752
482 35 4541 6467 8266 3036 4065
483 641 5688 8528 7603 7761 6648
485 291 2514 8653 3204 6841 1117
486 822 9034 4903 2181 9725 184
488 1 6493 8347 963 8491 4980
488 545 8468 8182 9875 4665 7804
490 102 2110 6425 1495 9572 4304
490 792 777 9506 5869 1289 949
492 51 574 7193 9768 3682 7368
492 67 3129 814 1479 6349 417
494 282 8275 4919 2817 9752 7397
494 760 5870 6688 6060 2248 2313
497 369 8386 667 2945 9726 1550
497 961 8070 7392 8152 177 786
500 442 2993 3249 7704 5755 71
501 77 2950 2617 3826 7954 5589
501 382 4231 1051 2904 7074 4266
502 448 7354 8107 3955 8228 8592
503 789 9779 7482 3108 4141 6465
504 393 4202 5675 7069 4805 4874
506 785 4578 5699 2902 5257 6456
508 538 977 2342 6058 3673 7349
509 964 4601 5477 3144 192 7691
511 347 7682 971 1536 9979 339
511 617 1717 143 7584 2854 7101
512 492 379 3547 7081 4795 6610
512 827 9427 5252 5693 3569 4855
513 526 3724 7090 2031 5278 1856
515 710 287 8151 8026 46 461
515 922 3301 7110 1858 9444 5968
517 6 620 2531 7860 7833 8617
517 569 6241 5816 7233 9422 6535
518 195 4773 8805 9296 3403 8579
518 554 717 9249 8116 4367 2837
518 949 1652 4523 7953 9328 7220
518 967 1791 1496 9125 9141 9913
519 283 3571 9397 3849 8263 8902
519 358 7328 7320 4003 3640 1016
519 682 1961 1358 4944 113 5413
519 779 4686 4720 157 63 4979
520 35 1606 2171 2952 8846 9050
520 206 8415 9626 1512 9218 9320
520 436 3322 6729 8087 4822 7547
521 567 5799 6966 6878 2873 6949
521 986 9807 4398 455 6712 8416
523 866 5684 8457 4088 9340 4808
524 972 3884 262 6322 648 3274
527 740 8949 5559 9243 9551 144
528 69 9149 3063 1778 2218 6312
528 148 1526 9611 314 5897 7235
528 368 8557 6290 5603 2753 9538
528 426 2271 4753 298 6816 3187
528 437 947 9398 9159 1851 1861
530 574 5728 8292 3172 996 9425
532 744 9 2788 7263 8303 8179
533 556 7282 268 6602 6792 5491
533 781 6059 4916 7714 8514 1677
533 849 7742 9875 5410 5869 1416
534 521 1348 7748 9381 1274 5526
537 641 9712 6942 1432 4363 9790
539 88 9209 2750 6428 9679 1546
540 78 2076 7624 8729 4175 722
541 65 2707 6209 1226 4088 4341
541 178 3471 7907 2267 4636 3480
542 670 1633 2570 6708 9934 7948
542 696 9061 5401 9175 4856 2459
543 227 6356 5509 3535 9941 7974
543 374 9275 9913 6513 9766 9553
544 305 9832 4021 8742 5325 4937
546 17 1557 8633 6225 1535 8027
546 669 2568 8797 7655 6371 2027
548 216 8336 8368 7776 762 6613
550 882 5782 375 979 3228 9063
551 612 8220 5602 9616 5260 5335
551 939 2232 2499 2270 7579 2207
552 195 6488 5318 8672 5362 5557
552 663 9611 9242 7282 5091 2449
552 834 4752 5386 6276 9810 3396
552 879 8113 5356 5087 5545 5627
552 931 3202 442 2996 5158 1751
553 604 2958 6936 8617 2910 6196
554 815 3991 2811 6222 8144 8697
555 372 1472 2070 810 6580 1472
556 861 4853 6918 1768 1862 6353
557 461 794 2722 2315 6132 8685
557 496 1332 582 6873 203 1844
559 286 8806 5657 1896 9633 4649
560 700 7948 4080 7202 8882 9965
562 632 1874 1820 5738 2317 8122
562 769 6630 5261 3296 6444 6801
565 796 3792 8643 9383 3384 3803
567 70 7231 4568 8260 299 2799
568 384 1877 8576 9176 7421 6511
568 708 5139 9829 3603 4763 2031
570 477 1768 5038 9533 8564 3519
570 549 4614 8365 9954 8120 5610
573 208 8771 725 5960 9572 2236
576 717 1356 8181 2387 1954 4276
577 436 5756 3204 547 4926 7466
577 636 9715 3008 4357 7673 9014
581 373 5773 5332 2563 9001 7194
582 188 7726 9459 2424 7123 885
584 35 9829 8358 7378 3839 5891
584 249 6348 4754 7164 329 7792
586 108 3495 8714 7383 8999 1974
589 284 9636 5586 9712 4502 8042
589 810 6152 9851 3278 6534 7474
589 874 1168 1328 7917 2212 2709
591 735 9173 4857 4006 7094 9893
593 219 3334 4543 4142 4127 9377
593 811 1833 3589 6059 401 3009
593 899 9606 7388 6248 8837 4945
593 914 9094 411 6851 544 5049
593 963 5998 238 9520 9010 3678
594 58 8337 384 3245 7778 139
595 574 6963 2385 7848 5723 2249
595 713 1950 8785 6446 2793 9233
596 434 7420 158 8652 4399 8608
597 216 412 1458 3291 3930 9595
597 294 436 7575 5507 357 7828
597 860 3762 2869 6216 5617 5779
598 800 9528 779 7933 4981 2680
598 863 2934 9889 6079 2455 1394
599 872 5222 5715 9670 2218 181
600 84 498 8350 9567 5690 2708
600 496 886 1031 6244 9924 8518
600 743 6463 7987 996 9033 9378
600 793 2117 6693 788 6877 2664
602 730 6999 8160 3233 9629 6103
603 176 12 9087 7174 2708 5046
604 473 5325 499 9795 6379 8909
605 491 1768 4911 6823 1117 6391
607 428 3684 6268 7371 2306 3415
608 257 8598 3360 6053 4399 67
610 659 4272 4596 376 8409 3015
610 703 5143 2265 8452 3761 1209
610 820 7402 496 1083 5766 8752
611 338 4018 8228 1121 7177 9237
611 817 3282 9655 3482 2722 1556
611 948 5229 311 6586 9847 9633
613 62 4751 7456 8029 5388 6272
614 18 4913 6982 7549 189 9239
614 363 2747 4501 9084 8395 1894
615 44 2320 1486 3206 9430 1464
615 523 63 8531 9117 5709 9624
616 107 5879 9753 7032 965 2315
617 855 999 4920 4845 7056 7906
617 902 2128 8480 6298 7227 3343
618 13 8489 3462 5154 3992 1073
618 331 4996 3925 9570 4329 4995
618 657 4520 3667 5294 1133 8708
621 88 40 9612 4965 358 8848
621 552 9881 3048 2614 4150 4563
621 946 1573 2275 4604 3007 6778
622 415 526 6324 5730 1385 1221
622 594 3130 5016 7812 2512 5415
622 759 8868 9504 4887 5262 6307
622 890 3828 5860 6281 1608 1280
627 79 4552 4230 5998 37 8862
627 492 8029 2190 380 3070 6937
628 949 5676 9908 4156 4352 642
630 500 8101 8053 1414 1822 5139
631 30 3255 1686 9955 9171 4382
631 373 7022 1108 7453 7484 9379
632 238 296 4643 9050 4781 5607
633 439 1866 5934 333 2770 1133
636 305 3406 2280 4409 3749 1631
640 454 9825 7329 6796 1535 6603
642 649 8104 7398 1149 1195 3980
642 787 3553 944 8715 4346 172
643 100 4662 6747 47 1170 8867
646 168 8757 7998 4187 7505 1633
648 79 2735 5597 8904 3637 2242
650 72 6068 6862 1010 1240 3929
651 227 357 1665 2726 1903 5562
653 299 8921 729 2657 5435 325
654 171 5550 3175 2540 2570 3148
655 334 1535 2162 2019 6679 7468
655 550 1326 6729 6074 2425 6854
656 457 2976 631 2458 2073 3249
656 723 7727 4731 8318 2395 2265
658 63 836 5161 3928 4204 5346
660 238 7857 2291 3809 5175 3339
663 265 5502 1133 303 8528 6312
664 725 3197 6954 6270 756 7943
667 216 1017 7526 9384 2411 4041
667 654 2128 9851 4711 7949 51
668 439 6503 7856 3234 2898 8684
668 703 8659 8559 6409 1008 5041
669 896 3043 3619 7972 9747 7674
675 267 9279 8434 8812 1817 2949
676 69 180 2707 3393 6343 3161
676 960 7678 2438 2605 6531 8891
677 180 6082 3184 2603 2609 4298
677 474 5246 8288 9402 6510 9665
677 877 5425 972 4831 7254 5807
679 127 3743 1856 3282 4355 4252
679 361 9918 997 6964 7282 9383
679 432 8335 9610 1661 5369 937
679 638 43 5956 5168 96 9520
679 965 9409 4382 6088 762 8749
680 575 2670 2458 2900 3704 5147
680 604 7837 457 1287 3155 2799
681 120 303 3357 6764 3438 6413
683 379 5734 7651 4081 2453 4288
684 164 435 8646 6666 4649 6958
686 624 539 3497 2595 4531 1672
688 667 2597 7572 168 3722 2720
689 570 90 3967 281 365 2083
693 412 3887 6678 5874 1126 62
693 598 7422 530 4936 2356 4096
693 748 6359 2608 7239 3606 2306
694 609 4247 5510 9483 4792 2619
695 132 8172 1259 2967 3902 294
696 98 6755 2890 7121 9194 9618
699 859 4333 157 9937 4552 1812
700 672 6018 5595 4881 9538 4592
700 744 9650 544 502 8696 9222
700 981 9345 290 792 1788 183
701 517 5137 2438 1567 7404 561
701 682 9834 1914 48 5174 3718
701 925 5068 9718 978 165 4159
702 552 5692 1673 348 7192 5489
704 555 1425 2172 9716 9664 1961
704 563 5824 5023 463 7592 2775
704 611 8240 8365 5586 5361 8505
705 10 554 1788 1899 7041 2905
705 511 527 4220 4299 244 7629
706 831 6705 4400 1213 4470 9412
707 353 8111 9550 7754 1982 1327
708 255 7131 2012 6007 6465 5230
708 666 7657 7693 7465 3815 6223
708 670 1241 3679 5848 5258 816
709 333 9563 5512 1833 2348 5234
709 635 4023 5754 2391 6182 6751
709 742 524 4292 7779 2346 9356
709 912 3698 627 1592 6711 9345
713 130 3014 6477 9142 5387 1847
715 49 7131 6169 4355 977 1632
715 483 2103 6799 5008 2545 2295
715 530 1604 9911 7312 3686 3211
716 851 8656 8481 2945 8918 9119
717 830 3489 1725 5172 6721 7205
717 879 6947 43 2954 1206 1237
718 684 5355 5045 978 3578 2943
718 971 1147 2693 4827 6218 3312
719 891 6358 7894 9250 7256 9313
720 554 5514 8660 3642 7617 7615
720 561 2097 3215 2713 6735 449
721 415 8900 9575 4443 6054 3992
723 164 3898 6102 8460 4759 8938
723 912 8631 5854 7430 924 3571
725 157 1309 9899 472 8320 927
725 203 4022 1566 8608 9700 958
726 291 3095 6233 3670 8749 6669
726 699 1121 5400 9699 2243 2531
727 260 6272 2157 5489 5086 6273
729 759 7366 5881 2121 5416 9354
730 42 8449 7976 9949 1327 5687
731 619 2837 32 3402 1394 52
733 482 3423 3773 712 8043 4562
733 581 1955 1153 6859 3962 8239
737 173 8810 4132 8427 9582 7954
737 443 5918 7169 7289 2414 4739
740 554 3393 5064 2527 1920 811
741 128 4412 5080 6429 9372 6011
742 57 4766 7612 5707 9620 6370
742 561 6044 7382 2711 7445 6490
742 888 2237 3485 5865 5284 7280
744 618 4749 6940 7729 4040 9449
745 529 8832 3275 4273 8354 5648
746 519 4851 328 7731 6963 9278
747 832 976 9745 8497 4198 8478
749 364 4301 8476 5366 268 4975
749 585 3669 7298 9967 3813 7657
749 664 3747 9282 3065 9032 5683
750 370 6823 6842 3466 1392 5445
753 268 9483 992 810 8409 4212
753 788 8521 9416 6924 8474 1842
754 825 5485 7221 5064 7712 2367
756 638 4874 9549 3873 3184 3668
757 437 7469 3570 2678 1809 5419
758 296 3439 4874 8535 6 1274
758 966 5815 6634 3271 5776 6432
761 642 8519 1767 6312 823 6511
763 86 9250 4035 7677 7994 3122
765 464 9024 186 4362 8429 4734
769 214 3430 9431 3622 1826 3537
770 84 6153 7098 7329 3319 5988
770 378 4736 9142 6041 6213 6176
771 567 6349 6931 8614 8827 5141
773 397 6711 2690 9951 3110 3135
774 246 8003 1697 5987 8490 2769
775 862 9139 1074 7128 8633 1242
778 342 2246 4596 5883 814 7287
779 237 3882 3004 4452 1499 8216
779 560 9775 4410 8152 1061 2766
779 999 7678 1031 2901 5838 958
781 320 9049 7306 1028 2348 1331
781 511 393 3076 9411 2532 8616
782 773 740 2466 6235 1852 4418
784 67 3783 6682 9238 5570 3059
784 101 2438 3864 2977 3792 3174
784 864 9012 3308 8877 7921 4197
785 691 2264 6502 747 831 8911
787 624 1662 2840 4072 6667 7757
787 730 1672 7757 8180 6644 6529
788 786 1474 9800 134 9134 9025
789 157 1993 3285 8461 2146 488
789 193 3616 6163 2840 2972 233
789 315 6975 4961 5852 5390 9730
791 838 1789 2273 9571 5551 1232
795 721 4875 3210 9534 1011 5914
795 916 6797 9809 3077 8675 318
796 659 3165 6804 4504 7200 8477
797 383 6157 6509 1337 2697 5514
797 916 8721 6803 1221 9254 6203
799 156 7509 11 4939 4599 860
799 721 5977 2904 7854 7617 5210
800 476 6045 2816 1127 9506 2631
800 934 1293 1779 8657 6057 169
801 23 4779 3782 2385 638 7505
802 346 5899 2946 8120 6104 2403
802 686 7247 6276 1366 8006 7248
802 829 5917 8916 6345 7666 2963
802 912 3255 4899 1218 1381 1229
806 72 5714 5513 6685 9677 6086
806 269 4867 4897 670 7883 780
806 435 2017 9304 2759 2375 9849
807 422 5320 108 930 3939 9270
807 637 9264 8087 3681 3691 5743
807 784 7719 1851 4554 3345 8176
809 834 4413 9743 6478 2231 6414
812 333 3311 9687 8117 4450 8327
812 899 8211 6291 2915 8409 8599
812 932 423 5788 3688 5556 6198
813 355 2017 2154 2551 6516 437
813 517 10000 870 5544 2876 2814
813 709 1519 8803 9471 8962 8235
815 57 2629 7777 6007 2092 9571
816 291 8055 2054 8286 8164 5246
816 552 6787 488 7661 8927 8506
818 762 9292 4922 6515 7583 3255
819 278 5990 622 8354 5472 5473
819 457 9751 2820 7366 6459 9158
822 894 6339 8433 2185 1356 3730
823 110 9689 2432 1583 3991 1260
829 872 5202 3085 3308 7212 9061
829 892 4251 8266 450 8295 2882
832 554 5275 7325 9561 1061 9460
833 134 9690 3712 5950 7400 9949
833 207 3995 2002 3232 6222 2648
834 160 2761 7650 7794 8243 1841
834 929 4091 641 8706 7700 6410
835 440 8690 1231 8392 7987 1870
835 740 7479 4823 9975 7332 1158
838 362 2217 6391 9408 1668 8997
839 547 3371 6555 4817 7849 9152
843 41 636 4160 9000 2623 4447
844 28 1863 5355 3639 7947 7253
846 776 1135 2049 1602 4168 4995
847 404 895 9559 4160 9239 9832
848 215 9917 789 874 2272 3796
849 962 6732 6760 2622 6251 7217
852 557 3674 8046 2935 3472 5970
854 797 2838 7178 1250 7959 5078
857 105 4400 2049 5589 3807 386
857 757 3536 1961 767 6531 8114
858 494 9309 2419 259 2551 3481
858 672 7810 8626 4531 4090 5208
859 344 2093 2620 4965 2905 1478
860 519 1628 9980 9430 3248 6182
861 327 8176 6867 6609 7014 9562
861 453 710 5067 5899 8361 4547
861 560 9356 10 2863 3423 2266
861 916 5691 6825 2549 4028 7579
862 532 8657 1921 1165 2493 7260
865 710 2982 3906 9203 1410 2677
869 863 5153 2960 7819 5932 222
870 68 5949 1476 8458 8971 3919
870 607 6778 7227 5062 6865 4987
871 683 7522 5061 102 11 9119
871 856 2718 9259 7042 184 2940
874 779 4907 9211 8461 8528 3683
877 31 2881 273 6146 8657 3699
877 588 4857 9361 3935 8966 4532
877 779 2968 9925 5855 1717 5265
879 632 6391 4346 1487 8235 502
879 760 8475 1838 4341 8228 6883
880 607 7665 1456 7765 5143 730
884 61 7158 2418 8673 5560 5901
884 83 5148 4545 5344 9504 3420
886 529 6960 6808 1032 6139 9060
887 78 8951 3454 3364 9516 310
889 734 1308 7449 3315 2331 9235
890 216 1749 2794 7635 1994 976
890 390 6308 4512 836 1955 10
890 688 4518 5188 809 1941 742
890 908 6292 7817 8422 6419 5683
891 675 9468 1264 4393 2267 5711
892 249 4938 4555 9683 6486 5319
893 272 9718 7793 7981 336 2128
894 630 7336 6369 6992 4362 3655
894 649 7367 6147 7544 6723 4395
896 376 4838 2424 1552 3597 7002
897 482 2742 3893 9198 9478 2435
897 813 7666 1524 4733 3977 9751
900 927 3109 6666 7090 1615 4352
901 55 459 2428 7272 4039 6904
901 965 4853 6365 6049 9496 5863
902 486 221 2205 1669 7062 2978
902 922 7091 6219 7782 3539 6732
906 186 7143 4493 1534 8036 3239
906 384 3002 1217 3333 4439 8463
906 922 4880 5592 759 4852 2606
909 677 1638 9403 6894 6387 2353
911 281 1286 6096 4448 53 70
912 835 2219 660 9454 3587 9753
912 858 2748 2159 4504 7255 9222
913 173 2192 3890 2223 6456 1365
915 879 2865 3981 9301 607 6092
916 226 9644 4706 8382 8808 8496
916 589 1566 815 6670 1549 823
916 621 8066 7507 8245 6762 5725
917 199 1686 604 3101 2823 2336
917 740 8513 7891 3351 7138 3482
918 654 8491 6320 9376 4804 2453
918 698 7039 5181 3736 2854 2108
919 281 8166 5304 1326 8400 9003
919 641 1549 4786 2051 6630 358
920 111 1386 297 1678 1516 3906
921 739 1077 3635 5072 6213 1237
921 740 812 9345 5438 1952 2951
922 798 2810 4215 9295 6550 5425
923 442 9423 9036 4579 4188 359
929 483 8102 6071 2020 3753 4430
929 812 8213 3614 8206 2058 2327
931 923 3213 6555 4895 5549 964
932 412 1809 2181 1049 6633 5180
932 892 1402 1142 5507 9419 2053
936 650 1412 6328 4655 1204 7669
936 934 687 5734 2958 1536 2003
937 529 4763 6061 1636 2267 9676
937 854 9311 1449 8030 7329 732
937 855 717 4077 7447 7476 3310
937 964 3140 788 952 242 9745
938 632 9932 4896 5978 9685 3534
938 743 5719 5908 2293 1700 2419
939 90 9856 4979 4287 5334 5618
939 506 8354 7504 9890 4704 9721
939 525 1462 3909 9711 5796 9224
941 463 7988 225 4745 5242 6123
942 313 3142 2749 8730 1057 476
942 810 7068 8470 6315 4965 7471
942 861 3873 5461 855 5850 6156
942 948 4137 1414 8371 7609 2856
943 213 6044 1844 1830 8340 6841
943 659 5201 6888 9910 2632 477
944 182 8321 2540 6882 8295 2175
945 599 961 568 2074 4716 5416
946 42 300 2297 5347 5947 3790
947 337 7904 1334 3084 80 690
949 311 6855 7883 4862 1387 948
950 371 3426 6804 5065 1241 2146
952 655 3063 4476 7542 4407 6283
954 133 5686 8989 7808 2601 1799
954 155 3678 4324 3181 227 4288
954 698 1662 1116 3061 2275 5232
955 540 3493 5149 9256 7291 7963
955 762 7020 6354 2960 9975 3343
957 797 9010 5061 1413 4855 5782
959 731 6869 7030 3124 2797 7440
960 150 827 9718 7655 9479 4033
960 255 9838 6660 3537 7655 4223
960 414 4154 5440 8755 7775 3989
962 463 4277 1984 5012 2981 1796
963 54 2644 6958 477 7403 6637
963 125 8900 4000 4269 2315 3975
963 436 1427 9335 3055 9935 1447
963 923 8866 8690 1650 1997 8985
965 236 6230 5557 6896 5728 7281
966 275 7428 2800 1514 1211 5208
966 298 3179 419 4098 6117 7993
968 835 3509 2411 5713 2702 7747
970 1 5596 5770 3601 8588 9111
970 492 7838 5277 7888 2205 4397
970 926 7586 5835 7736 9294 2453
970 969 365 8600 6294 2948 3930
972 146 7302 7359 8315 2359 9526
973 442 783 8765 2870 2354 1506
974 614 5965 1495 9121 9243 7979
974 759 3694 5281 4070 4422 7445
975 917 5075 9679 4041 5346 5335
976 608 4976 8887 6540 3394 5659
977 431 6808 8346 3467 454 4711
977 462 2252 8033 3145 4607 7598
978 155 3916 7430 8162 227 101
980 924 2082 8021 7231 4426 5822
981 112 1457 855 3688 2503 5006
981 493 6877 6238 779 3230 1751
982 492 4997 8967 5388 6052 918
982 710 4378 2601 9245 3263 6671
984 77 7558 3090 5091 2875 2134
985 771 1226 3842 3867 4786 2783
986 101 6107 2908 3720 411 39
986 280 6005 65 7090 3033 4777
987 9 9165 9947 6417 3455 5683
988 9 8117 8804 1521 4805 3285
989 743 4909 535 6968 1615 9798
991 319 2646 9231 138 5735 4250
992 964 4179 621 5745 7511 508
994 89 1589 2330 3639 971 3266
994 618 172 6493 9777 5843 8321
996 896 4447 8876 640 6857 3775
996 944 8952 8344 7065 5899 4738
997 6 1267 7180 2195 2506 5974
997 341 4742 2681 9496 8816 7312
997 385 7006 8296 7079 1160 8493
999 733 6374 1441 7206 8320 4120
