10 5
0 5 6 4 9 5 8
0 6 2 3 8 9 5
0 8 1 10 1 4 2
1 0 3 3 8 5 6
1 2 10 1 9 3 6
1 3 6 10 8 10 2
1 4 9 3 8 10 4
1 6 7 2 7 10 10
2 0 9 1 10 7 5
2 1 2 8 3 6 7
2 4 5 10 9 8 6
2 8 2 10 3 6 2
2 9 7 2 1 10 3
3 1 2 10 3 8 9
3 2 7 1 8 6 1
3 5 10 8 10 1 5
3 6 10 7 3 5 7
3 8 1 6 8 10 10
3 9 7 8 2 5 8
4 0 9 10 4 4 2
4 1 10 5 5 7 9
4 2 9 4 10 3 3
4 3 4 6 2 7 10
4 6 4 6 2 5 1
5 0 4 2 2 2 9
5 6 5 7 5 6 3
5 7 2 3 9 4 7
5 8 1 5 6 9 4
6 0 1 7 5 6 1
6 2 1 6 5 9 5
6 4 7 2 3 1 10
6 5 4 3 8 9 10
6 8 3 2 2 8 2
6 9 6 3 8 8 2
7 1 1 8 3 4 7
7 8 5 5 4 9 6
7 9 4 10 5 10 1
8 2 4 9 2 1 6
8 3 2 4 2 3 4
8 6 9 4 3 10 10
9 2 6 10 9 10 7
9 5 8 10 1 7 10
9 6 7 10 3 4 8
9 7 3 3 2 4 10
9 8 2 10 3 3 6
