100 5
0 2 4 3 2 1 3
0 18 1 9 3 1 8
0 31 5 4 10 10 1
0 70 2 1 3 7 2
1 31 3 3 5 3 2
1 63 3 2 5 8 5
1 91 4 5 6 4 10
1 97 7 4 5 9 7
2 10 6 9 4 1 10
2 14 8 9 8 2 9
2 15 5 7 10 6 6
2 30 8 2 8 4 1
2 55 2 4 4 3 9
2 76 3 9 6 4 9
2 87 8 6 5 10 6
2 93 9 10 7 3 4
2 96 4 4 2 10 9
3 2 1 10 2 8 1
3 6 8 9 7 6 6
3 43 10 6 6 2 10
3 86 6 6 5 10 10
3 97 6 8 3 3 5
4 15 9 10 9 6 7
4 41 3 2 7 10 6
4 98 2 6 3 1 10
5 22 10 3 10 4 9
5 33 3 10 2 6 8
5 34 4 3 1 3 1
5 39 3 9 3 2 5
5 69 3 7 4 10 6
6 0 9 7 7 1 4
6 32 5 1 1 10 1
6 46 4 1 4 7 8
6 72 8 1 3 1 10
6 86 7 1 10 6 3
7 27 4 8 4 6 3
7 49 6 2 7 9 1
7 93 4 7 7 1 2
8 2 2 5 9 10 3
8 19 5 7 4 1 3
8 27 5 1 8 8 6
8 29 10 5 7 4 7
8 30 8 1 10 4 10
8 38 8 8 2 6 7
8 89 8 1 6 8 1
8 93 10 4 7 4 8
8 98 9 1 10 8 6
9 12 1 3 3 2 4
9 28 5 6 3 7 6
9 48 10 3 8 8 5
9 79 1 3 4 1 1
9 99 1 3 5 9 8
10 6 9 9 6 2 10
10 25 9 7 5 9 8
10 36 4 10 7 9 9
10 43 5 10 7 2 3
10 73 3 10 1 3 7
11 0 7 3 4 10 2
11 7 10 2 6 3 8
11 13 2 9 2 10 4
11 38 9 1 3 8 2
11 50 9 4 1 1 7
12 24 9 2 9 7 9
12 36 8 3 1 5 9
12 38 10 4 2 6 6
12 66 9 1 6 6 6
13 30 8 7 2 9 1
13 55 5 3 9 6 1
13 59 6 8 3 4 2
13 78 3 7 9 7 7
14 4 1 8 4 10 8
14 56 5 10 9 2 8
14 64 9 8 9 6 3
15 9 9 6 7 4 8
15 14 7 7 4 5 3
15 31 9 9 5 6 3
15 35 10 8 3 5 2
15 61 7 7 5 6 3
15 69 8 8 5 8 6
15 80 7 7 7 4 7
15 90 6 8 7 6 7
16 8 1 3 6 2 6
16 58 7 1 2 10 7
17 7 2 10 6 8 7
17 18 6 3 8 9 2
17 27 6 10 6 8 2
17 43 3 6 7 4 1
17 68 9 6 9 6 4
18 34 10 6 2 10 8
18 36 4 1 5 5 1
18 45 3 9 9 3 9
18 54 9 9 5 2 7
18 57 7 8 10 4 1
18 69 4 3 5 2 3
19 16 3 6 9 1 5
19 30 8 2 9 1 3
19 61 1 7 4 2 4
19 91 3 1 9 10 6
20 2 10 7 3 10 6
20 16 1 6 1 8 7
20 32 7 8 4 1 7
20 55 6 9 9 3 7
20 62 9 7 10 7 3
20 90 1 6 1 10 9
21 3 6 5 4 7 8
21 15 3 1 10 1 10
21 17 4 9 5 9 4
21 24 5 1 6 5 4
21 28 4 10 7 4 2
21 44 1 10 2 1 2
22 7 8 2 5 4 1
22 17 9 2 2 2 6
22 35 10 4 6 7 3
22 84 9 6 10 7 6
23 34 10 3 10 5 3
23 41 7 1 6 5 9
23 44 8 6 2 8 5
23 88 10 8 8 2 1
23 90 8 9 10 6 9
24 2 9 5 4 2 10
24 8 9 6 3 5 8
24 42 9 3 10 3 9
24 52 1 7 3 3 1
24 58 10 8 3 8 6
24 60 6 7 8 7 4
24 78 6 1 7 8 4
25 40 7 10 9 10 4
25 63 2 3 6 3 9
25 81 3 10 10 10 2
25 92 5 1 8 10 2
25 95 1 7 8 1 8
26 96 9 8 6 10 9
27 48 8 1 8 2 8
27 57 10 6 7 7 9
28 13 10 1 4 7 9
28 49 7 6 4 3 3
29 43 9 1 2 9 3
29 67 8 5 8 1 6
29 79 8 6 3 1 5
29 97 1 5 1 4 10
30 3 5 9 3 9 10
30 4 8 1 8 4 9
30 96 7 3 4 9 8
31 5 8 1 10 6 6
31 17 9 2 10 8 10
31 40 4 5 5 10 4
31 41 8 9 4 8 10
31 52 2 2 10 9 4
31 73 6 4 4 8 1
31 74 9 8 7 9 8
32 0 5 8 10 7 1
32 25 8 9 7 2 3
32 42 2 7 5 1 7
32 89 3 10 7 4 5
32 91 1 2 10 2 9
33 4 9 4 4 10 9
33 29 2 4 6 8 6
33 56 6 5 9 8 9
33 99 4 10 2 7 3
34 35 4 7 9 10 9
34 39 9 3 5 6 8
34 44 3 6 4 4 2
34 63 5 2 6 5 1
34 68 10 6 6 10 2
34 81 2 7 5 1 10
34 97 8 1 6 10 10
35 1 8 9 2 4 1
35 25 6 9 2 7 1
35 63 9 3 8 4 7
35 78 3 10 8 3 5
35 90 6 10 3 2 3
36 17 9 1 2 6 1
36 37 1 7 6 5 8
36 68 8 6 9 8 2
36 81 3 1 4 6 6
36 94 6 9 9 6 1
37 4 8 8 3 10 3
37 30 4 2 4 9 9
37 31 8 3 5 6 1
37 50 5 2 1 8 1
37 92 5 5 1 1 1
38 14 6 3 4 6 5
38 60 3 3 5 2 9
38 74 9 1 4 8 4
38 94 10 10 9 3 8
39 8 2 7 8 7 1
39 24 6 8 10 4 1
39 42 10 10 4 6 10
39 78 2 3 3 6 3
40 21 10 3 2 6 2
40 63 9 7 6 7 4
40 78 7 3 4 1 1
41 3 7 8 2 1 7
41 6 8 10 4 7 6
41 50 6 10 3 1 3
41 60 6 10 4 10 2
42 12 8 6 2 5 5
42 21 1 4 8 8 1
42 35 6 4 8 4 1
42 37 6 7 3 2 3
42 41 9 4 8 10 4
42 50 4 10 6 9 9
42 52 4 5 4 1 6
42 56 5 10 2 4 3
42 59 7 6 7 2 2
42 78 1 10 10 2 9
42 83 5 6 10 10 2
42 95 2 9 5 8 2
43 14 7 8 7 3 8
43 38 4 8 9 2 9
43 59 7 10 1 8 6
43 90 7 1 5 3 10
43 94 1 2 10 3 10
44 1 8 2 6 2 7
44 4 3 3 4 7 2
44 51 4 3 2 3 2
45 6 8 5 5 9 10
45 17 2 8 8 2 5
45 30 1 5 6 10 4
45 41 2 5 7 2 8
45 55 8 8 3 4 7
46 2 10 2 5 5 4
46 8 3 4 9 8 1
46 61 5 5 6 3 1
46 63 9 1 7 9 1
46 76 9 1 1 7 1
47 58 6 5 4 3 3
47 68 10 9 7 4 8
47 86 9 7 8 5 8
47 88 7 6 10 8 4
47 91 3 7 3 9 6
48 2 7 9 2 6 9
48 13 3 7 6 8 1
48 30 4 10 8 3 5
49 24 9 10 1 1 10
49 71 2 9 8 1 5
49 75 4 5 7 6 1
50 6 3 7 6 9 1
50 9 4 3 10 4 1
50 65 6 9 8 1 7
50 79 5 5 9 6 1
50 84 3 8 7 6 5
50 93 5 8 4 10 5
51 1 2 3 5 3 2
51 32 1 3 1 1 7
51 40 1 8 8 8 9
51 41 8 1 2 6 1
51 46 7 10 9 1 3
51 87 5 5 6 9 6
51 98 10 3 2 4 8
52 48 9 1 2 1 7
52 58 9 3 10 2 3
52 79 9 7 7 8 4
53 35 10 2 10 1 10
53 67 2 6 5 5 3
53 72 5 10 10 10 7
53 79 10 10 3 9 6
54 9 6 10 2 4 10
54 15 5 9 9 1 6
54 21 1 4 2 5 7
54 32 7 3 9 8 1
54 71 7 1 2 8 3
54 82 8 5 7 7 7
54 86 2 2 9 4 1
54 88 2 9 10 8 5
55 4 6 2 8 1 10
55 20 9 4 10 5 10
55 51 4 8 4 3 4
55 62 5 3 2 8 6
55 71 3 1 9 5 10
55 77 9 2 4 5 10
55 89 3 3 7 4 4
56 5 9 5 9 9 2
56 48 5 7 1 10 3
56 52 9 1 10 1 4
56 61 6 8 1 8 8
57 19 9 8 9 5 9
57 28 9 2 7 7 8
57 82 4 6 5 1 8
57 83 9 9 8 1 7
57 88 10 6 1 8 4
58 6 5 9 10 9 7
58 40 5 5 5 1 3
58 62 4 8 2 6 6
58 68 5 3 7 5 9
58 72 3 2 7 10 2
58 99 5 4 5 9 2
59 12 9 6 6 8 1
59 91 10 2 2 5 1
60 25 10 5 3 6 2
60 40 6 2 4 9 10
60 45 10 1 1 2 1
61 73 4 1 5 8 1
61 98 3 5 2 6 8
62 6 5 7 8 3 9
62 30 10 10 6 9 10
62 75 9 7 8 7 2
63 17 1 5 3 10 1
63 59 2 8 1 1 4
63 60 7 2 3 6 1
63 70 4 5 1 5 8
63 91 4 7 10 10 7
64 5 2 3 10 3 4
64 24 7 1 6 8 1
64 51 8 8 6 9 3
64 61 9 1 2 9 6
65 47 2 10 6 8 6
65 62 7 6 1 9 7
66 4 6 6 3 2 8
66 16 9 9 10 2 4
66 23 1 9 10 5 6
66 26 1 4 8 9 6
66 35 8 10 3 6 6
66 63 10 7 3 4 2
67 9 4 6 2 3 2
67 34 1 4 6 5 7
67 61 7 2 7 10 1
67 66 5 6 10 4 2
67 95 2 2 6 8 3
68 10 9 1 7 2 8
68 76 10 5 6 3 4
68 81 1 1 5 6 4
69 28 4 10 2 5 3
69 40 2 8 10 9 8
69 42 3 6 10 8 1
69 62 4 5 1 2 5
69 66 10 4 3 5 2
69 79 9 10 6 7 1
69 93 1 2 8 6 6
69 95 9 5 10 1 7
69 98 2 3 9 6 7
70 39 3 4 2 9 7
70 56 2 2 6 10 8
70 61 7 10 5 8 8
70 88 4 6 9 1 2
71 3 8 2 1 3 4
71 35 9 7 5 4 4
71 57 10 9 4 5 4
71 65 6 3 7 4 8
71 78 2 2 10 5 7
71 83 8 1 1 2 6
71 85 2 1 6 8 6
71 88 2 9 5 4 6
71 95 9 8 5 9 3
72 3 3 4 9 2 6
72 8 5 7 8 3 7
72 88 4 8 7 8 3
73 1 10 7 3 4 4
73 15 7 8 2 2 9
73 62 6 4 9 3 1
73 86 1 8 6 7 5
73 91 5 7 4 8 7
74 4 6 1 2 7 5
74 9 1 2 5 9 7
74 20 1 5 5 1 4
74 70 2 3 10 4 2
74 72 10 7 2 4 1
74 82 1 5 9 10 1
74 91 2 2 10 4 8
75 62 8 2 7 9 8
75 81 4 5 5 4 5
75 90 5 9 10 4 8
75 91 7 1 8 3 9
75 98 10 5 1 3 9
75 99 3 3 8 8 3
76 18 3 7 8 8 5
76 27 5 10 4 10 2
76 41 7 6 2 8 6
76 72 4 8 2 5 3
77 26 1 5 10 10 9
77 28 9 6 7 9 9
77 31 3 5 10 8 10
77 37 9 6 8 9 10
77 75 5 7 10 6 9
78 3 5 6 3 9 2
78 54 10 9 10 8 7
78 64 3 10 4 5 5
78 81 9 6 1 3 8
78 92 8 7 2 8 2
78 96 4 2 7 2 8
78 99 2 6 7 1 9
79 15 2 9 8 9 1
79 43 6 1 7 6 4
79 51 7 8 10 3 8
79 71 10 7 6 1 1
79 88 5 7 1 2 6
79 89 9 4 4 5 9
80 4 10 4 4 10 4
80 16 10 1 1 1 1
80 26 8 6 3 2 6
80 43 10 6 1 5 10
80 68 9 6 9 7 7
80 75 2 1 1 7 9
80 87 1 3 10 5 9
81 14 10 4 9 5 2
81 23 7 5 7 4 1
81 32 10 10 1 2 9
81 84 6 9 7 9 3
81 98 9 6 6 7 6
82 4 2 7 10 3 5
82 22 10 6 2 2 5
82 26 9 1 4 9 9
82 44 7 8 5 4 4
82 69 2 2 8 2 10
82 70 7 2 7 6 3
83 1 10 9 5 6 5
83 11 3 1 8 7 10
83 25 3 2 6 2 6
83 36 1 9 8 6 10
83 46 6 8 5 9 8
83 64 4 5 8 7 5
83 88 4 6 6 4 7
84 26 1 7 10 4 8
84 51 10 6 6 6 8
84 68 6 10 4 2 1
84 69 6 1 8 1 3
84 71 4 5 3 1 3
85 4 5 4 5 2 7
85 24 1 10 2 10 8
85 90 6 1 2 9 5
85 99 10 9 5 7 4
86 21 8 1 2 7 10
86 24 1 6 7 7 5
86 52 8 3 9 3 8
87 1 6 8 2 7 9
87 17 2 3 4 5 3
87 27 10 9 8 4 2
87 32 1 10 9 7 5
87 75 3 7 5 1 6
87 76 4 9 10 5 1
87 83 9 4 5 9 10
87 86 2 10 4 1 4
87 92 2 7 9 4 2
87 93 3 1 10 2 1
88 1 7 3 3 7 2
88 36 2 7 5 6 5
88 50 3 1 6 7 7
88 65 5 3 3 2 2
88 87 7 10 2 8 1
89 33 5 10 1 4 7
89 70 7 1 10 2 6
89 75 6 8 9 2 1
89 82 10 6 4 5 7
89 87 4 8 5 3 1
90 1 4 9 1 5 4
90 6 7 6 8 7 3
90 19 1 10 10 1 10
90 28 2 5 8 2 8
90 56 9 3 10 9 2
90 72 6 2 7 7 10
90 94 1 10 9 7 1
91 3 7 10 3 9 7
91 9 7 3 4 2 9
91 11 3 2 7 5 7
91 17 4 3 6 6 1
91 31 9 5 2 8 6
91 39 4 3 1 1 7
91 43 2 5 5 5 8
91 54 1 10 2 10 3
91 65 5 7 9 6 5
91 97 2 5 2 9 10
92 24 3 9 9 6 10
92 39 1 7 4 1 4
92 55 2 10 10 7 1
92 67 6 8 10 8 1
93 6 6 1 4 9 3
93 10 3 1 8 2 9
93 27 7 1 6 4 9
93 75 10 9 1 6 6
93 82 9 10 8 7 8
93 94 10 9 1 9 3
94 21 6 8 8 1 5
94 35 8 7 6 8 6
94 65 4 8 1 4 4
94 86 4 3 8 3 3
94 95 2 6 9 9 3
95 30 10 9 7 5 7
95 35 8 1 8 5 3
95 72 7 9 8 4 2
95 87 1 7 10 3 6
96 6 3 2 4 4 7
96 22 1 4 5 7 6
96 23 7 9 1 6 1
96 44 9 2 7 10 6
96 87 1 10 3 7 1
96 89 8 7 9 1 10
96 90 1 6 1 8 2
97 38 10 4 1 7 7
97 51 5 10 1 10 9
97 81 9 4 8 7 3
98 20 10 2 4 6 6
98 23 6 2 3 1 9
98 78 5 6 1 8 9
98 93 3 4 10 3 6
99 2 4 2 4 4 2
99 45 2 10 3 7 1
99 55 9 2 10 6 1
99 71 1 1 7 2 3
99 73 9 5 1 7 5
