1000 1
0 254 75
0 346 30
0 385 10
0 700 58
0 797 91
1 376 82
1 424 17
1 450 96
1 480 80
1 505 61
1 658 52
1 930 48
2 140 14
2 195 64
2 246 4
2 312 74
2 420 10
2 660 53
2 780 34
2 996 68
3 128 19
3 243 97
3 753 7
3 904 16
4 714 17
4 751 40
4 914 65
5 61 29
5 356 52
5 458 19
5 545 58
5 667 37
5 693 89
5 706 29
5 840 73
5 881 73
6 94 94
6 432 90
6 713 72
6 908 81
7 192 53
7 558 55
7 722 74
7 847 88
8 314 72
8 529 80
8 703 62
9 216 72
9 277 74
9 398 38
9 454 28
9 828 25
9 966 20
10 16 56
10 166 84
10 372 53
10 667 71
11 594 29
11 616 95
11 687 32
11 780 34
11 789 47
11 964 11
12 290 36
12 353 38
12 595 69
12 770 83
13 158 97
13 282 38
13 643 85
13 761 82
14 18 93
14 257 71
14 270 30
14 393 32
14 526 26
14 915 22
14 924 51
15 216 24
15 428 11
15 478 76
15 525 91
15 610 3
16 27 77
16 238 95
16 241 52
16 272 99
16 378 37
16 543 69
16 590 54
16 969 6
17 153 18
17 788 58
17 956 83
17 989 4
18 236 49
18 631 74
18 757 57
18 836 66
20 551 38
20 866 93
21 155 35
21 472 51
21 651 4
21 691 7
22 87 24
22 611 61
22 759 1
23 18 61
23 46 83
23 184 41
23 198 23
23 335 88
24 203 14
24 731 11
24 751 32
24 789 77
24 981 12
25 144 6
25 700 26
25 746 2
25 855 49
25 870 58
26 152 19
26 313 95
26 572 65
26 833 55
26 933 34
27 22 95
27 115 58
27 147 16
27 626 69
27 694 79
27 854 89
27 900 79
28 27 36
28 460 55
28 489 33
28 639 50
28 741 40
28 774 55
28 808 12
29 5 66
29 296 32
29 390 19
29 530 51
29 598 30
29 825 58
30 35 96
30 371 69
30 892 27
30 951 82
30 962 45
31 478 90
31 608 85
31 615 38
31 724 93
31 768 8
31 777 16
31 928 90
31 978 85
32 41 28
32 192 32
32 664 75
32 982 38
33 22 63
33 414 42
33 889 66
33 977 18
34 417 6
34 457 80
34 533 29
34 592 97
34 666 54
34 683 33
34 987 58
35 259 77
36 79 32
36 116 9
36 201 82
36 532 85
36 743 52
36 773 27
37 71 39
37 181 85
37 490 17
37 838 71
38 3 56
38 106 42
38 137 47
38 507 63
38 863 18
38 892 80
39 267 48
39 284 25
39 315 22
39 591 96
39 608 23
39 950 6
40 8 37
40 163 60
40 250 37
40 406 20
40 453 58
40 504 56
40 583 6
41 63 81
41 669 65
41 781 86
42 145 82
42 217 52
42 386 86
42 576 62
42 619 92
43 143 58
43 387 41
43 475 24
43 498 61
43 504 30
43 537 57
43 616 56
43 745 81
44 188 89
44 230 29
44 276 44
44 352 33
44 811 32
44 869 43
45 606 68
45 629 35
45 655 49
45 710 21
45 779 56
46 367 76
46 723 98
47 274 30
47 307 82
47 673 4
47 754 13
47 971 74
48 47 66
48 63 65
48 70 23
48 153 65
48 305 92
48 526 15
48 775 33
49 114 9
49 174 90
49 232 38
49 383 27
49 623 84
49 628 18
50 56 45
50 93 55
50 396 66
50 978 74
51 448 85
51 816 36
51 817 44
51 877 100
52 454 91
52 554 39
53 83 41
53 225 27
53 256 28
53 504 37
53 894 5
54 284 3
54 355 55
54 363 44
54 450 41
54 626 96
54 798 78
54 885 23
55 169 88
55 297 96
55 445 73
55 562 77
55 658 65
55 741 67
55 831 33
55 876 12
56 752 92
56 873 33
56 921 32
57 340 44
57 622 80
57 811 55
57 818 69
57 841 47
58 251 29
58 494 18
58 694 1
58 867 3
59 73 11
59 223 40
59 289 59
59 338 84
59 378 20
59 854 100
60 143 8
60 230 47
60 393 45
60 667 87
60 847 92
61 185 22
61 317 64
61 405 7
62 106 41
62 118 61
62 127 17
62 217 62
62 276 53
62 311 9
62 888 37
62 895 48
62 921 82
63 480 78
63 915 49
64 115 1
64 245 75
64 254 67
64 570 63
64 893 44
65 135 6
65 225 40
65 414 94
65 434 12
65 441 35
65 602 59
65 796 24
66 101 41
66 118 2
66 363 73
66 376 75
66 627 31
66 835 25
66 890 60
66 947 83
67 363 4
67 503 5
67 880 24
67 946 32
68 54 34
68 226 93
68 249 84
69 815 67
70 464 39
71 141 98
71 222 36
71 291 26
71 777 60
72 130 51
72 279 14
72 417 76
72 546 18
72 553 50
72 770 24
72 992 50
73 31 13
73 253 40
73 861 95
74 105 94
74 360 36
74 624 54
74 726 82
74 803 32
74 851 84
75 201 80
75 356 93
75 385 16
75 845 46
75 857 14
76 63 45
76 74 78
76 281 47
76 485 49
76 699 55
76 771 71
76 957 83
77 380 72
77 407 25
77 837 55
77 992 47
78 292 18
78 306 34
78 388 83
78 536 57
78 826 85
79 110 56
79 196 46
79 644 18
79 777 69
79 918 1
80 270 49
80 322 37
80 813 22
80 852 16
81 206 99
81 564 84
81 938 93
82 374 7
82 406 42
82 614 73
82 661 76
83 324 90
83 603 49
83 897 17
84 140 58
84 250 52
84 263 1
84 401 21
84 767 57
84 914 34
85 195 49
85 319 77
85 371 9
85 742 59
86 341 55
86 369 12
86 913 91
87 35 91
87 54 39
87 476 8
87 863 69
88 108 5
88 879 3
88 980 19
89 176 93
89 250 100
89 286 96
89 360 79
89 522 52
89 560 3
89 799 3
89 876 14
89 960 66
90 173 2
90 346 100
90 446 32
90 519 42
90 574 14
90 619 87
90 826 47
90 855 68
91 551 90
91 691 25
91 823 77
91 900 61
91 941 28
92 222 21
92 408 100
92 572 58
92 635 71
93 331 76
93 612 5
94 48 47
94 224 22
94 510 76
94 519 87
94 741 49
94 846 55
94 946 92
95 184 36
95 324 25
95 731 20
96 28 65
96 354 34
96 396 20
96 417 8
96 426 36
96 489 9
96 684 90
97 240 36
97 661 39
97 702 74
98 124 16
98 382 8
98 551 60
98 837 34
99 311 99
99 379 26
99 428 88
99 432 93
99 650 92
99 663 22
100 310 12
100 987 51
101 106 31
101 150 83
101 161 99
101 330 23
101 562 70
102 20 21
102 33 9
102 114 91
102 281 30
102 288 79
102 363 73
102 395 86
102 452 96
103 276 2
104 56 22
104 129 69
104 207 49
104 349 55
104 366 88
104 482 24
104 635 50
104 649 10
105 190 16
105 201 97
105 339 20
105 389 66
105 646 71
105 763 15
105 999 48
106 13 65
106 511 32
106 658 81
107 289 50
107 451 6
107 556 85
107 702 23
107 777 61
107 908 72
108 959 96
109 2 92
109 199 21
109 222 89
109 540 32
110 464 89
110 487 12
110 549 91
111 247 29
111 599 84
111 702 49
112 518 83
112 685 79
112 935 27
112 972 70
113 93 42
113 346 3
113 394 42
113 985 51
114 412 55
114 422 1
114 690 29
114 983 70
115 200 93
115 846 2
115 902 48
116 854 84
117 259 51
117 421 12
117 785 42
118 26 21
118 86 15
118 191 48
118 229 85
118 367 98
118 612 64
118 832 84
118 833 17
118 963 4
119 100 29
119 248 96
119 265 79
119 387 7
119 631 78
119 725 76
119 751 16
119 925 58
119 953 64
120 163 58
120 185 5
120 695 11
120 729 49
120 941 36
121 205 1
121 331 64
121 665 95
121 686 79
121 738 61
121 826 24
121 953 23
121 981 55
121 998 68
122 3 70
122 415 71
122 496 54
122 514 60
122 546 18
122 991 65
123 508 29
123 974 34
123 990 77
124 185 84
124 341 12
124 414 55
124 643 93
124 813 15
124 919 98
125 358 48
125 437 40
125 782 88
125 983 30
126 24 84
126 58 55
126 216 4
127 404 19
127 716 91
127 990 50
127 994 89
128 186 75
128 245 32
128 286 66
128 610 31
128 728 68
128 923 84
129 4 44
129 51 63
129 636 52
129 971 12
129 993 61
130 148 16
130 231 20
130 390 46
130 625 59
130 856 41
131 85 81
131 300 51
131 481 45
131 658 97
131 665 77
131 771 94
132 475 98
132 782 98
133 108 96
133 329 51
133 517 14
133 668 31
133 756 73
133 993 69
134 89 16
134 262 30
134 515 21
134 549 6
134 585 4
134 930 97
134 960 36
134 975 33
135 34 68
135 808 23
136 34 6
136 122 77
136 711 76
136 874 26
137 206 6
137 379 38
137 395 93
137 847 23
138 43 70
138 194 10
138 262 26
138 308 50
138 736 68
138 828 91
139 161 59
139 278 96
139 611 74
139 638 74
139 848 89
140 96 38
140 108 70
140 185 19
140 983 18
141 45 93
141 222 5
141 373 82
141 537 40
141 602 62
141 963 70
142 36 88
142 152 62
142 226 78
142 482 41
142 509 38
142 552 52
142 669 41
142 687 96
142 801 40
142 841 93
143 138 11
143 242 87
143 614 37
144 54 73
144 62 1
144 205 13
144 638 6
144 831 65
144 997 43
145 234 50
145 388 70
145 423 27
145 624 97
145 668 13
145 714 33
145 866 82
146 8 94
146 121 74
146 374 34
146 510 37
146 515 1
146 558 63
146 743 22
146 800 80
147 68 74
147 321 42
147 362 89
147 427 19
147 792 23
147 934 11
148 50 87
148 334 6
148 342 10
148 733 80
148 742 44
148 774 36
149 170 88
149 427 42
149 709 13
149 772 74
150 234 23
150 318 16
150 767 34
150 813 2
151 88 69
151 113 30
151 166 54
151 212 95
151 257 99
151 697 13
151 741 80
151 856 87
152 16 30
152 107 29
152 353 98
152 421 31
152 753 27
152 826 61
152 835 96
152 882 24
152 924 3
153 44 99
153 80 90
153 935 44
153 982 79
154 181 51
154 185 39
154 223 88
154 323 62
154 452 23
154 614 100
154 768 37
154 807 11
155 414 59
155 582 91
155 606 47
155 723 64
156 234 8
156 306 44
156 452 8
156 458 96
156 611 80
156 650 3
156 725 53
156 834 93
157 603 76
157 625 24
157 652 5
157 901 26
158 133 98
158 360 33
158 433 94
158 528 33
158 623 10
158 901 80
159 94 98
159 520 45
159 926 89
160 204 77
160 240 16
160 385 58
160 811 27
161 285 41
161 784 78
161 980 64
162 35 66
162 720 44
162 965 51
163 414 80
163 753 18
163 893 51
163 947 6
164 257 63
164 289 43
164 530 61
164 567 11
164 641 62
164 692 63
164 693 43
165 113 74
165 145 23
165 153 18
165 234 69
165 555 26
165 969 99
166 489 94
166 590 94
166 857 6
167 286 13
167 556 76
167 598 15
167 736 76
167 742 83
168 131 5
168 185 88
168 247 92
168 376 77
168 823 27
169 293 37
169 424 24
169 532 86
170 713 82
170 805 92
170 885 13
171 32 1
171 39 96
171 134 59
171 184 79
171 187 42
171 885 17
172 178 58
172 188 84
172 528 82
172 617 59
172 682 30
172 876 55
173 459 25
173 646 90
173 809 11
174 90 23
174 155 62
174 231 57
174 531 41
174 551 97
174 578 92
174 651 14
174 925 30
175 473 64
175 579 92
175 630 29
175 782 34
176 7 50
176 46 16
176 285 4
176 383 65
176 937 55
177 87 86
177 322 75
177 479 14
177 482 71
177 688 67
177 757 49
177 931 93
177 968 47
178 40 34
178 388 72
179 91 37
179 231 28
179 395 19
179 663 85
179 845 8
179 863 86
179 950 13
180 4 14
180 29 71
180 137 18
180 181 96
180 395 27
180 558 9
180 790 59
181 158 13
181 331 26
181 563 76
182 335 42
182 429 34
182 867 58
182 945 44
183 138 80
183 553 44
183 828 45
183 881 13
184 130 25
184 397 16
184 605 71
185 103 92
185 202 8
185 761 9
185 797 71
185 814 85
185 821 70
185 827 85
185 829 57
186 500 54
186 696 19
186 706 71
186 927 5
186 979 36
187 330 65
187 652 15
187 769 72
188 48 97
188 89 28
188 122 24
188 186 26
188 327 31
188 372 76
188 455 24
188 473 41
188 718 43
188 746 9
188 919 18
189 63 13
189 260 37
189 623 75
189 845 2
189 912 34
190 213 60
190 901 26
191 354 25
191 596 74
192 268 26
192 592 70
192 837 92
193 41 42
193 54 73
193 705 93
193 731 94
193 787 100
193 861 31
193 890 68
194 544 41
194 614 66
194 764 19
195 725 29
196 275 78
196 318 49
196 393 24
196 457 38
196 624 61
196 955 70
197 575 96
197 711 42
197 745 68
197 762 34
197 802 37
198 160 57
198 253 4
198 262 47
198 470 47
198 521 25
198 579 74
198 718 6
198 805 51
199 277 50
199 914 75
199 940 14
199 961 100
200 228 74
200 367 15
200 378 10
200 404 61
200 724 51
200 774 34
200 806 17
201 92 56
201 100 98
201 779 18
201 790 18
202 138 30
202 690 29
203 126 68
203 446 80
203 803 16
204 380 84
204 559 13
204 610 8
204 736 42
204 784 88
204 908 88
205 155 12
205 406 97
205 790 98
205 964 84
206 150 5
206 357 30
206 420 71
206 693 51
206 749 41
206 941 82
207 128 74
207 542 29
207 640 5
207 678 57
208 463 15
208 548 87
208 730 42
208 942 94
209 4 63
209 33 78
209 149 42
209 254 92
209 559 82
209 897 78
210 533 74
210 544 6
210 735 82
210 756 24
210 807 10
211 316 29
211 466 63
211 557 28
211 577 16
211 580 33
211 929 98
212 233 54
212 332 100
212 419 92
213 820 15
213 916 60
213 944 34
214 157 19
214 188 22
214 287 2
214 358 32
214 803 14
214 874 72
214 930 99
215 108 100
215 161 55
215 246 92
215 318 5
215 396 45
216 47 32
216 522 35
216 542 53
216 874 34
216 977 64
217 123 29
217 162 45
217 427 96
217 722 21
218 99 38
218 507 69
218 600 66
218 641 87
218 999 85
219 355 38
219 401 51
219 922 93
219 998 52
220 39 14
220 127 42
220 355 37
220 568 34
220 933 28
221 4 83
221 382 83
222 103 51
222 127 81
222 211 30
222 415 18
222 438 66
222 471 1
222 689 13
223 512 21
223 563 37
223 623 11
223 665 84
223 719 68
223 748 27
224 2 67
224 75 18
224 188 68
224 552 96
224 803 79
224 884 15
224 948 18
225 396 71
225 986 78
226 6 38
226 76 91
226 326 31
226 478 81
226 711 100
226 766 29
226 890 79
227 58 59
227 85 79
227 658 93
227 872 14
228 23 39
228 102 70
228 112 27
228 145 61
228 186 82
228 443 14
228 571 9
228 594 70
228 724 88
229 89 21
229 205 80
229 262 97
229 352 62
229 431 65
229 556 95
229 720 39
229 736 36
229 857 34
230 75 11
230 101 63
230 273 46
230 415 38
230 496 54
230 615 61
230 672 52
230 749 52
231 337 38
231 809 45
231 849 41
231 955 48
232 496 13
232 906 45
233 19 90
233 291 66
233 682 55
233 950 40
234 487 40
234 829 57
234 905 22
235 15 47
235 179 17
235 601 87
235 764 42
235 866 92
235 904 9
236 154 58
236 165 14
236 575 10
236 588 43
236 620 32
236 669 79
236 702 68
236 708 100
236 884 64
236 908 12
237 96 60
237 329 96
237 518 65
237 626 35
238 126 17
238 780 44
238 982 92
239 154 19
239 394 85
239 401 79
239 429 70
239 535 13
239 553 18
240 99 36
240 118 87
240 201 44
240 458 89
240 685 61
240 697 73
240 907 77
241 449 33
241 486 99
241 529 90
241 552 91
242 638 1
242 929 14
243 6 87
243 41 21
243 329 50
243 560 94
243 643 90
243 866 76
244 332 56
244 380 17
244 491 15
244 506 48
244 587 46
244 997 37
245 536 60
245 737 24
245 876 70
246 106 28
246 125 73
246 129 52
246 206 87
246 368 48
246 544 38
246 722 80
247 22 6
247 40 98
247 786 50
247 898 93
247 970 8
248 17 50
248 479 86
248 699 28
249 6 98
249 75 72
249 425 1
249 660 19
249 975 13
249 986 36
250 38 33
250 144 89
250 179 89
250 221 94
251 66 65
251 83 42
251 497 5
251 620 63
251 629 25
251 799 26
251 847 12
251 994 78
252 32 98
252 194 57
252 314 23
252 446 55
252 522 41
252 678 1
252 764 45
253 81 26
253 150 38
253 318 56
253 321 2
253 331 99
253 652 20
253 701 52
253 734 68
254 514 57
254 689 3
254 765 63
255 120 52
255 261 65
255 284 90
255 288 63
255 459 82
255 655 71
255 950 46
256 212 100
256 253 81
256 524 41
256 674 88
257 87 73
257 351 33
257 806 89
257 947 10
258 115 16
258 524 69
258 605 28
258 619 33
258 702 4
258 758 76
258 796 62
258 939 87
258 997 68
259 312 85
259 430 17
260 154 43
260 717 30
260 774 31
260 817 14
260 964 56
261 104 3
261 208 64
261 291 58
261 296 61
261 957 5
262 165 53
262 478 55
262 507 58
262 522 81
262 815 13
263 18 54
263 42 48
263 87 23
263 473 80
263 674 74
263 706 74
263 752 9
263 825 80
264 201 31
264 240 54
264 327 96
265 56 57
265 671 23
266 327 31
266 731 83
266 763 23
266 984 67
267 115 69
267 308 88
267 606 11
267 634 40
267 922 8
267 961 39
268 7 15
268 67 8
268 301 64
268 795 53
269 37 67
269 67 2
269 122 20
269 223 12
269 297 66
270 147 40
270 155 79
270 331 94
270 398 54
270 657 6
270 674 26
270 773 25
271 305 41
271 350 22
271 536 47
271 651 19
271 936 34
271 946 24
272 101 7
272 222 73
272 726 75
272 756 30
273 2 17
273 425 60
273 662 23
273 917 39
274 280 25
274 327 18
274 793 79
275 188 3
275 326 76
275 440 88
275 503 37
275 797 95
275 958 72
276 615 30
276 659 40
276 666 95
277 55 12
277 154 45
277 520 53
277 725 82
277 813 77
277 832 89
277 846 21
278 107 19
278 176 66
278 297 82
278 331 69
278 625 48
278 701 96
278 725 46
278 918 53
279 35 5
279 234 45
279 405 19
279 512 5
279 557 72
279 687 74
279 828 17
280 116 76
280 322 36
280 880 92
280 917 45
281 300 97
281 676 1
281 707 17
281 745 61
282 25 62
282 146 76
282 160 39
282 337 30
282 402 8
282 877 37
283 312 76
283 480 22
283 724 48
283 777 22
284 95 52
284 218 22
284 557 70
284 868 53
285 234 2
285 455 55
285 647 78
285 869 68
285 921 74
285 938 60
286 66 60
286 386 47
286 479 75
286 559 53
286 590 63
287 27 66
287 120 93
287 183 22
287 221 39
287 446 79
287 520 11
287 652 19
287 696 62
288 686 81
288 789 80
288 808 94
288 838 75
288 841 7
288 875 93
288 910 39
288 973 87
289 226 46
289 335 23
290 200 3
290 249 16
290 515 87
290 919 32
291 350 31
291 724 36
291 922 57
291 982 83
292 115 68
292 180 83
292 383 52
292 428 97
292 496 51
292 598 13
292 848 19
292 890 13
292 941 81
293 113 71
293 187 25
293 317 45
293 395 82
293 533 41
293 801 4
293 909 58
293 961 67
293 980 96
294 284 36
294 442 27
294 559 78
295 695 86
295 808 20
296 334 33
296 437 25
297 460 57
297 886 32
298 68 46
298 259 87
298 329 76
298 690 89
298 923 88
299 214 75
299 252 50
299 338 97
299 790 44
300 452 4
300 705 10
300 729 55
300 996 38
301 375 91
301 538 96
301 561 56
301 766 93
301 853 73
302 248 11
302 280 96
302 324 8
302 370 6
302 502 26
302 854 16
302 908 5
303 268 66
303 271 1
303 374 18
303 878 83
304 96 20
304 236 68
304 744 2
304 769 98
304 787 57
304 801 22
304 841 51
305 161 67
305 590 8
306 159 25
306 574 6
306 608 59
306 826 17
306 897 91
307 531 2
307 968 46
308 92 68
308 208 36
308 253 45
308 373 36
308 410 1
308 538 84
308 798 12
309 583 74
309 689 64
309 711 1
310 79 50
310 152 92
310 208 95
310 388 97
310 436 45
310 476 59
310 857 4
311 314 49
312 29 57
312 279 8
312 565 88
312 795 83
312 826 86
312 870 99
312 957 55
313 107 67
313 416 4
313 647 69
313 658 53
313 674 7
313 817 77
313 911 13
314 239 88
314 318 29
314 772 47
314 947 9
314 967 55
315 25 2
315 201 37
315 285 29
315 592 66
315 696 86
315 856 86
315 918 98
316 320 20
316 496 38
316 669 80
316 717 41
316 792 93
316 931 73
317 64 71
317 88 12
317 300 65
317 572 95
317 946 15
317 962 96
318 15 78
318 128 29
318 409 35
318 599 58
318 658 71
318 696 30
318 973 17
319 59 93
319 308 23
319 902 46
320 427 48
320 580 61
320 652 24
320 773 18
320 807 49
320 855 83
320 923 5
320 959 74
321 139 10
321 450 49
321 478 4
321 501 37
321 640 51
322 743 52
322 882 86
323 287 72
323 469 46
323 800 39
324 157 65
324 320 3
324 366 40
324 548 63
324 731 74
325 276 60
325 808 46
325 891 3
325 925 51
326 211 37
326 548 5
326 972 73
326 980 89
327 169 20
327 534 67
327 862 13
327 874 89
327 898 37
328 96 65
328 277 34
328 279 72
328 459 12
328 555 27
328 556 48
328 742 12
328 815 62
329 135 93
329 288 9
329 467 98
329 738 32
329 856 99
329 897 80
330 494 86
330 538 12
330 559 45
330 575 94
330 592 4
331 115 69
331 432 97
331 531 7
331 823 86
331 830 31
331 877 90
332 42 61
332 261 18
332 555 14
332 605 33
332 657 57
332 787 80
332 945 78
333 161 51
333 354 78
333 377 10
333 470 71
333 771 42
334 81 23
334 281 77
334 481 40
334 710 67
335 169 45
336 302 88
336 552 48
336 649 4
336 699 36
336 720 31
336 867 35
337 354 86
337 376 3
337 642 79
337 701 96
338 61 60
338 104 17
338 932 38
339 73 49
339 93 98
339 323 22
339 475 34
339 793 32
340 313 7
341 152 36
341 727 34
341 757 6
341 882 74
342 236 64
342 914 7
342 939 14
343 435 50
343 688 85
343 902 63
344 105 18
344 244 72
344 355 59
344 379 11
345 7 50
345 409 75
345 680 84
345 890 51
346 394 78
346 499 48
346 587 97
346 656 82
346 671 54
347 61 84
347 65 12
347 81 94
347 121 74
347 128 73
347 147 53
347 285 30
347 331 81
347 502 88
347 542 48
347 576 20
347 609 24
347 850 81
347 923 94
347 976 61
348 334 45
348 850 16
348 898 7
348 943 35
349 60 55
349 74 69
349 181 90
349 325 61
349 398 21
350 139 18
350 675 92
350 742 22
350 934 70
351 64 50
351 122 4
351 405 83
351 569 50
351 580 31
351 907 10
352 77 80
352 134 9
352 508 94
353 263 70
353 272 17
353 490 22
353 576 49
353 585 84
354 211 58
354 542 97
354 543 88
354 562 29
354 612 24
354 652 21
354 795 38
354 858 22
355 255 100
355 392 100
355 436 45
356 25 31
356 92 71
356 276 71
356 761 50
356 968 14
357 222 46
357 269 81
357 390 22
357 516 72
357 694 100
357 936 45
358 216 96
359 237 80
359 282 13
359 751 10
360 40 58
360 65 59
360 141 51
360 500 87
360 633 4
360 965 99
361 272 1
361 276 22
361 307 57
361 349 15
361 535 25
361 711 61
361 936 91
362 190 45
362 555 83
362 652 95
362 717 40
363 24 49
363 847 99
364 71 72
364 132 18
364 324 41
364 434 32
364 658 52
365 63 41
365 187 48
365 946 62
365 979 64
366 31 50
366 142 70
366 224 85
366 242 40
366 436 5
366 568 39
366 768 40
366 773 67
366 992 42
367 865 97
367 885 43
368 272 28
368 366 20
368 439 40
368 462 61
368 665 58
369 491 82
369 657 43
370 60 51
370 78 40
370 119 61
370 120 36
370 206 96
370 453 33
370 528 98
370 624 75
370 730 44
370 778 18
370 880 18
370 909 49
370 939 4
371 511 59
371 704 97
372 66 53
372 254 92
372 268 44
372 278 73
372 371 31
372 629 18
372 956 61
373 421 84
373 453 41
373 503 61
373 560 73
373 797 76
373 835 88
374 40 74
374 110 80
374 480 16
374 576 73
374 957 62
374 965 66
375 473 85
375 760 94
375 825 49
375 899 17
375 931 51
376 97 37
376 384 73
376 424 8
376 578 50
376 912 37
376 915 25
376 965 25
377 41 26
377 156 97
377 187 74
377 245 4
377 294 19
377 413 41
377 460 75
377 538 79
377 935 93
377 948 82
377 990 92
378 369 75
378 470 16
378 517 65
378 846 66
378 939 41
378 952 36
379 341 30
379 567 95
379 686 30
379 703 61
379 788 58
379 848 36
380 87 26
380 242 18
380 514 19
380 679 10
380 836 31
381 103 7
381 291 11
381 296 49
381 684 61
381 686 45
381 982 43
382 824 42
382 847 22
382 989 32
383 168 59
383 525 53
383 766 66
383 890 30
383 970 100
384 167 79
384 195 13
384 366 26
384 474 25
384 737 58
384 822 91
384 946 48
385 57 22
385 215 55
385 471 83
385 650 13
385 791 7
385 936 86
386 681 61
386 717 64
386 931 66
387 167 81
387 206 71
387 751 50
387 906 75
388 18 48
388 181 69
388 392 52
388 473 83
389 184 13
389 484 25
389 545 9
389 777 58
390 48 93
390 318 74
390 749 58
390 799 35
390 911 21
391 13 64
391 141 76
391 283 5
391 325 36
391 364 17
391 579 60
392 123 61
392 274 63
392 580 92
392 604 53
392 858 21
392 862 100
392 994 42
393 79 63
393 719 86
393 766 21
393 821 58
394 99 40
394 610 69
394 618 64
395 445 71
395 461 96
395 715 27
395 746 67
396 248 66
396 264 8
396 340 2
396 400 76
396 443 93
396 936 17
397 193 86
397 313 74
397 545 94
397 615 5
397 643 3
397 786 5
398 218 34
398 627 24
399 121 43
399 377 47
399 524 64
399 948 92
400 44 59
400 73 26
400 160 1
400 393 38
400 623 80
400 713 19
400 807 99
401 71 51
401 86 14
401 300 12
401 310 93
401 451 36
401 496 32
402 224 46
402 484 77
402 585 14
403 113 4
403 467 84
403 511 69
403 886 59
404 107 57
404 346 30
404 636 42
404 770 58
404 778 22
405 112 50
405 116 4
405 253 39
405 539 32
405 743 64
405 760 9
405 866 7
406 59 70
406 292 4
406 328 33
406 348 3
406 514 13
406 623 7
406 794 15
406 861 88
407 171 6
407 514 78
407 776 13
407 867 80
408 525 15
408 954 52
409 211 41
409 363 53
409 438 1
410 42 69
410 269 53
410 625 24
411 21 84
411 156 44
411 157 55
411 262 46
411 423 77
411 922 2
412 133 8
412 137 75
412 142 67
412 173 53
412 184 35
413 248 95
413 374 91
413 516 4
413 653 100
413 791 69
413 806 63
413 982 30
414 180 14
414 374 91
414 612 63
414 981 17
415 180 23
415 197 87
415 251 45
415 257 59
415 291 68
415 364 99
415 636 84
416 368 1
416 409 11
416 511 28
416 667 93
416 693 17
416 887 3
416 902 45
417 1 86
417 179 34
417 224 83
417 332 48
417 579 33
417 643 65
417 747 94
417 770 87
417 807 11
418 312 56
418 851 62
419 140 3
419 465 89
419 631 1
419 843 56
419 942 51
419 980 16
420 35 30
420 515 70
420 606 90
420 667 94
420 765 49
420 853 25
421 83 72
422 307 31
422 555 72
422 649 81
422 724 28
422 725 34
423 86 91
423 256 13
423 380 10
423 525 59
423 727 94
423 933 53
424 395 56
424 427 59
424 472 66
424 563 3
424 606 8
424 775 77
425 9 56
425 416 84
425 727 4
425 760 36
425 792 28
425 994 95
426 65 46
426 243 72
426 528 63
426 633 99
426 669 95
426 813 82
426 904 66
427 416 1
427 487 14
427 506 89
427 509 28
428 11 47
428 50 58
428 319 89
428 333 10
428 367 88
428 424 44
428 495 13
429 225 47
429 469 19
429 574 57
430 316 45
430 932 44
430 999 98
431 150 13
431 192 36
431 347 32
431 486 83
431 873 55
432 228 56
432 278 63
432 451 98
432 908 80
433 8 61
433 368 84
433 495 24
433 840 7
433 955 1
434 355 15
434 413 85
435 173 49
435 211 39
436 136 38
436 566 92
436 600 92
436 656 76
436 728 72
437 8 90
437 72 86
437 441 57
437 528 72
437 674 62
437 843 54
437 948 76
437 973 80
438 14 94
438 181 90
438 203 85
438 597 99
438 604 72
438 622 74
438 767 41
439 183 48
439 215 26
439 431 25
439 569 23
440 552 42
441 181 75
441 471 5
441 512 37
441 706 96
442 7 55
442 506 93
442 948 69
443 223 39
443 490 46
443 788 87
443 811 91
443 887 13
443 891 70
443 904 81
443 954 43
444 123 66
444 434 47
444 634 26
444 673 3
444 734 5
444 764 72
444 809 74
444 971 13
445 232 13
445 385 56
445 394 39
445 493 27
445 538 27
445 690 59
446 549 64
446 629 62
446 661 76
446 691 16
447 194 93
447 229 15
447 242 13
447 296 95
447 827 28
447 836 14
448 27 72
448 229 28
448 425 42
448 507 61
448 640 3
448 647 46
448 709 79
448 797 21
448 807 90
448 986 55
449 63 52
449 192 84
449 521 38
450 147 58
450 284 25
450 383 59
450 437 62
450 550 57
450 723 11
451 226 24
451 450 69
451 808 13
452 51 23
452 66 93
452 113 2
452 171 42
452 695 20
452 812 58
452 823 10
452 917 15
452 960 43
453 47 31
453 294 63
453 980 81
454 15 24
454 211 50
454 221 10
454 250 8
454 939 54
454 967 51
455 21 40
455 23 45
455 288 53
455 304 30
455 410 70
455 590 9
455 675 33
455 872 37
456 51 6
457 10 2
457 165 34
457 272 90
457 361 60
457 631 47
457 854 97
458 331 73
458 559 74
458 696 41
458 831 84
458 843 69
459 10 34
459 160 86
459 345 76
459 415 30
459 561 53
459 677 12
459 687 74
460 948 12
461 29 79
461 55 68
461 68 12
461 79 56
461 385 16
461 568 96
461 767 37
461 768 6
462 390 100
462 488 52
462 737 33
462 792 27
462 966 33
462 968 48
463 46 95
463 624 72
463 717 78
463 956 61
464 211 47
464 395 65
464 437 37
464 732 91
465 10 47
465 47 52
465 56 100
465 390 64
465 715 86
466 399 70
466 458 1
466 647 58
466 960 13
466 970 40
467 169 96
467 303 51
467 424 30
467 770 10
467 962 55
468 179 92
468 350 91
468 634 50
469 219 87
469 254 53
469 534 50
469 751 9
469 844 53
470 504 12
470 533 91
470 623 42
470 969 55
471 270 68
471 331 44
471 796 38
472 89 77
472 185 43
472 322 51
472 802 15
472 912 8
472 946 98
473 147 89
473 890 17
473 972 9
474 28 55
474 222 80
474 312 72
474 314 45
474 331 21
474 489 56
474 677 56
475 13 40
475 182 99
475 552 97
475 598 9
475 670 72
475 730 95
475 865 10
475 887 28
476 13 6
476 724 50
476 763 30
477 88 20
477 499 94
477 523 67
477 582 7
477 751 5
477 781 36
477 799 2
477 816 86
478 364 44
478 429 70
478 588 67
479 301 28
479 428 67
479 455 74
479 829 56
480 5 64
480 164 80
480 598 21
480 610 26
480 947 20
481 557 6
482 19 28
482 968 26
483 721 69
483 788 63
483 868 9
484 305 28
484 446 37
484 550 50
484 857 93
485 129 39
485 414 45
485 478 98
485 764 48
485 838 1
485 912 78
485 975 26
486 226 1
486 714 44
486 971 57
486 977 47
487 126 55
487 414 98
487 646 62
487 940 84
487 979 5
488 483 98
489 162 25
489 241 90
489 454 20
489 576 99
489 622 66
489 732 2
489 824 26
490 22 47
490 299 99
490 334 90
490 610 20
491 217 46
491 425 24
491 926 34
492 250 31
492 752 77
492 833 60
492 873 23
493 63 14
493 187 7
493 558 40
494 714 71
494 933 34
495 299 28
495 409 72
495 587 66
496 11 64
496 247 50
496 714 65
497 6 10
497 27 94
497 230 96
497 551 59
497 609 73
498 99 61
498 177 79
498 471 58
498 769 3
499 242 89
499 320 37
499 799 28
499 870 12
500 191 26
500 717 38
500 821 97
500 834 48
500 941 87
501 111 56
501 243 86
501 330 19
501 337 18
501 373 24
501 926 35
502 148 80
502 210 34
502 767 38
502 884 60
503 92 10
503 134 50
503 278 19
503 756 39
504 229 45
505 4 15
505 201 51
505 421 91
505 713 43
505 807 9
506 122 61
506 339 25
506 497 52
506 636 35
506 710 31
506 810 67
506 872 92
507 197 73
507 293 72
507 347 62
507 350 17
507 400 62
507 563 5
507 631 50
508 178 14
508 519 29
508 595 31
508 601 38
508 636 54
508 656 66
508 748 78
509 808 43
510 66 66
510 139 30
510 285 80
510 592 62
510 921 75
511 696 83
511 842 24
512 206 66
512 470 30
512 800 81
513 84 17
513 334 71
513 600 17
513 989 6
514 144 59
514 174 17
514 209 78
514 331 72
514 454 78
514 474 3
514 543 51
514 913 51
515 79 16
515 407 40
516 192 69
516 427 97
516 508 20
516 950 12
517 126 38
517 168 29
517 511 22
517 723 63
518 138 95
518 212 40
518 291 18
518 365 93
518 385 65
518 790 6
519 255 82
519 279 48
519 487 79
519 732 40
519 868 14
519 953 30
519 969 86
520 850 85
521 110 92
521 301 8
521 615 55
521 713 27
521 827 55
522 82 62
522 367 2
522 370 45
523 123 40
523 282 77
523 283 18
523 500 89
523 592 4
523 765 58
524 335 100
524 796 31
524 862 100
525 88 94
525 166 68
525 240 66
525 296 26
525 507 64
525 633 89
525 820 49
526 114 41
526 199 83
526 321 21
526 423 87
526 424 34
526 977 3
527 18 18
527 172 45
527 440 59
527 570 54
527 691 41
527 755 47
528 401 88
528 574 44
528 635 48
528 973 89
528 978 86
528 998 7
529 163 74
529 223 69
529 772 9
530 41 91
530 237 28
530 335 53
530 928 63
530 975 41
531 383 88
532 120 83
532 466 43
533 72 58
533 114 18
533 247 82
533 267 13
533 276 81
533 407 38
533 411 43
533 624 17
533 753 33
533 909 6
534 21 89
534 225 83
534 300 3
534 433 10
534 449 66
534 846 7
534 917 52
535 102 79
535 368 5
535 478 31
535 525 100
535 687 76
535 984 53
536 353 37
536 599 64
536 694 64
536 892 2
537 35 41
537 51 59
537 87 17
537 222 98
537 373 34
537 502 8
537 717 98
537 795 71
537 861 92
537 928 50
538 23 37
538 304 74
538 483 82
538 568 41
538 917 37
538 928 28
539 357 46
539 365 86
539 478 13
539 600 86
539 608 93
539 720 36
539 845 86
539 877 63
540 326 23
540 361 72
540 598 28
540 782 40
540 944 51
541 341 17
541 595 79
541 889 67
541 964 59
541 996 30
542 92 24
542 164 5
542 232 81
542 561 57
542 663 100
542 693 97
542 778 19
542 833 10
542 896 45
542 962 5
542 974 95
543 117 9
543 259 71
543 604 27
543 612 19
544 253 39
544 292 65
544 379 47
544 537 39
544 541 2
544 744 1
544 807 37
544 906 41
544 923 56
545 81 84
545 471 42
545 495 87
545 575 54
546 300 81
546 326 93
546 540 19
547 33 43
547 43 82
547 175 20
547 220 99
547 294 11
547 508 38
547 525 57
548 89 34
548 468 70
548 493 89
548 605 90
548 653 94
549 124 36
549 374 43
549 484 56
549 510 66
549 633 87
549 640 68
549 717 29
550 85 19
550 203 63
550 609 86
550 728 68
550 917 35
550 971 58
551 162 37
551 209 63
551 230 55
551 234 2
551 235 30
551 573 54
551 842 76
551 892 34
552 139 97
552 289 40
552 297 70
552 557 92
552 569 24
552 868 55
552 992 88
553 211 10
553 511 83
553 676 92
553 684 79
553 781 68
553 942 4
554 98 22
554 746 74
554 765 80
554 818 68
555 139 93
555 265 35
555 383 90
555 472 6
555 873 22
555 882 91
556 256 19
556 657 46
556 802 76
556 902 30
557 874 46
558 267 45
558 499 4
558 791 77
558 817 21
559 213 82
559 218 22
559 322 76
559 628 97
559 854 15
560 631 51
560 657 85
560 683 94
560 720 67
561 114 91
561 335 83
561 497 99
561 508 19
562 76 46
562 77 1
562 144 8
562 193 6
563 250 47
563 291 66
563 954 74
564 9 53
564 42 51
564 56 46
564 520 18
564 708 92
564 975 28
565 80 14
565 469 77
565 542 99
565 592 7
566 259 85
566 834 79
567 40 63
567 44 93
567 388 32
567 654 67
567 784 14
567 808 8
567 932 42
567 966 76
568 548 11
569 34 14
569 238 2
569 506 7
569 807 84
569 847 80
570 80 88
570 609 78
570 667 66
570 699 12
570 702 92
571 68 63
571 171 23
571 213 46
571 249 93
571 684 94
572 4 23
572 10 93
572 307 99
572 317 16
572 368 44
572 636 81
573 72 61
573 127 95
573 207 47
573 254 100
573 601 26
573 624 95
573 692 49
573 713 41
574 161 96
574 304 52
574 387 28
574 511 79
574 681 61
574 686 20
574 744 50
574 995 40
575 10 67
575 40 46
575 60 22
575 179 26
575 403 50
575 406 35
575 539 84
575 766 61
575 970 99
576 111 37
576 285 7
576 388 96
576 606 32
576 802 53
576 960 53
576 992 89
577 834 8
578 121 3
578 353 78
579 7 53
579 668 72
579 683 52
579 885 88
580 430 43
580 431 3
580 463 23
580 920 37
580 984 2
581 6 50
581 16 53
581 61 59
581 71 100
581 200 1
581 238 3
581 340 50
581 370 91
581 459 56
581 557 3
581 659 20
581 676 66
581 818 21
582 14 23
582 71 92
582 251 42
582 479 86
582 496 25
582 511 36
582 723 50
583 430 11
583 737 57
583 937 83
584 49 10
584 213 3
584 474 86
584 859 59
584 987 90
585 113 80
585 227 57
585 252 62
585 522 77
585 810 38
586 70 66
586 266 3
586 497 96
586 663 67
586 700 89
586 915 99
586 942 71
587 540 51
587 666 4
587 854 62
587 938 5
588 266 90
588 348 75
588 581 78
588 691 88
588 938 52
589 46 65
589 310 40
589 629 85
589 938 51
590 142 22
590 244 31
590 662 4
590 976 5
591 83 18
591 577 31
591 580 8
591 775 92
591 883 63
591 886 26
591 983 84
592 588 16
592 685 40
593 684 56
593 755 3
593 870 35
594 22 46
594 254 45
594 464 75
594 753 66
595 3 42
595 138 26
595 279 62
595 393 10
595 805 79
595 968 28
596 87 56
596 176 79
596 234 64
596 291 99
597 77 55
597 349 36
597 577 95
597 620 58
598 404 13
598 673 27
598 840 31
598 862 35
598 984 34
599 169 28
599 308 83
599 367 34
599 426 75
599 567 13
600 445 50
600 665 12
600 741 47
601 210 55
602 42 18
602 442 50
602 568 71
602 680 100
602 812 31
602 880 86
603 88 57
603 204 43
603 428 59
603 572 81
603 757 51
603 878 70
603 948 89
603 949 72
604 79 65
604 136 8
604 157 41
604 164 56
604 382 25
605 364 52
605 365 38
605 530 22
605 723 93
605 820 33
605 842 94
605 921 91
606 47 38
606 344 62
606 649 18
606 854 48
606 920 24
606 924 65
607 11 94
607 201 59
607 459 29
607 784 41
608 666 67
608 762 83
609 313 26
609 356 90
609 525 100
609 535 69
609 634 78
609 728 76
609 981 30
610 157 78
610 267 25
610 324 14
610 586 71
610 798 15
611 119 19
611 418 58
611 894 93
611 943 29
612 49 83
612 143 45
612 306 74
612 362 57
612 420 22
612 749 14
612 928 15
613 253 58
613 273 41
613 320 68
613 361 55
613 618 50
613 819 13
614 167 32
614 437 11
614 570 88
614 680 34
614 701 18
615 457 28
615 787 89
615 826 88
616 368 4
616 654 46
616 738 15
616 746 60
617 359 11
617 614 84
617 812 59
618 289 16
618 465 8
618 828 58
618 834 61
618 912 33
618 972 39
619 276 87
619 381 73
619 397 97
619 555 58
620 4 66
620 566 75
620 741 83
620 906 74
621 401 1
621 581 96
621 788 36
621 849 29
621 870 43
621 958 15
621 994 97
622 79 54
622 755 58
623 51 43
623 123 36
623 131 67
623 143 91
623 309 9
623 814 58
624 142 23
624 245 21
624 511 53
624 655 29
624 834 87
624 923 7
624 998 78
626 26 74
626 98 79
626 369 20
626 956 77
627 18 44
627 210 63
627 410 59
627 614 42
627 697 87
627 850 85
627 918 76
627 944 67
627 975 34
629 787 66
629 977 95
630 163 52
630 182 73
630 281 4
630 285 62
630 547 26
630 643 42
630 844 99
630 890 7
631 154 55
631 602 6
631 990 80
632 141 61
632 150 10
632 160 20
632 697 76
632 841 53
632 970 83
633 47 47
633 411 91
633 532 25
633 658 10
633 967 8
634 116 99
634 289 35
634 345 52
634 665 85
634 709 43
634 947 96
635 128 39
635 261 41
635 341 55
635 358 86
635 580 58
635 612 41
635 644 62
635 659 43
635 948 67
636 167 37
636 589 30
636 625 27
636 633 18
637 108 68
637 212 23
637 502 18
637 521 21
637 847 15
638 412 43
638 664 93
638 734 68
638 755 32
638 988 49
639 390 91
639 429 4
639 469 74
639 540 13
639 727 76
640 93 32
640 226 89
640 337 45
640 462 87
640 590 66
640 702 76
641 180 49
641 573 67
641 811 18
641 880 51
642 4 87
642 30 32
642 351 15
642 589 6
642 981 62
643 34 16
643 375 94
643 627 15
643 650 75
643 790 79
643 920 9
644 405 77
644 458 34
644 794 71
644 905 93
644 958 55
645 433 52
645 454 8
645 498 72
645 621 35
645 854 41
645 996 29
646 30 49
646 73 48
646 161 82
646 707 68
646 782 53
647 23 54
647 101 70
647 179 97
647 227 46
647 295 14
647 406 69
648 305 82
648 528 30
648 784 65
648 917 62
649 14 4
649 169 82
649 350 45
649 472 53
649 495 4
649 568 51
649 726 48
650 284 30
650 339 14
650 690 72
650 749 69
650 882 52
650 942 28
651 80 89
651 382 90
651 736 100
651 896 97
652 6 9
652 126 44
652 174 22
652 253 82
652 375 30
652 430 14
652 620 25
652 695 95
652 798 53
652 829 98
653 295 44
653 312 46
653 390 74
653 649 1
653 851 36
654 727 55
654 736 39
654 997 53
654 999 86
655 488 35
655 497 61
655 541 95
655 563 24
656 18 57
656 252 14
656 425 25
656 612 86
656 818 34
657 136 67
657 236 81
657 932 1
657 975 95
658 85 31
658 173 21
658 239 11
658 330 13
658 853 38
659 80 53
659 156 45
659 158 7
659 207 96
659 345 58
659 367 25
659 855 62
660 399 76
660 734 92
660 976 3
661 125 17
661 137 59
661 255 91
661 548 97
661 899 71
662 163 76
662 313 5
662 660 93
663 182 5
663 315 91
663 321 58
663 367 59
663 635 64
663 811 31
663 924 69
664 214 17
664 494 75
665 168 27
665 421 65
666 72 50
666 290 34
666 481 37
666 780 97
666 881 89
667 758 92
667 893 44
668 69 55
668 767 59
668 825 30
668 947 38
669 6 81
669 200 33
669 454 65
669 515 47
669 544 63
669 684 83
669 884 18
669 898 48
670 0 10
670 7 60
670 263 90
670 387 15
670 979 40
671 142 82
671 238 85
671 432 53
672 38 95
672 272 66
672 374 62
672 823 80
673 404 42
673 468 57
674 306 69
674 767 67
674 900 21
674 954 50
675 33 44
675 68 12
675 414 41
675 455 20
675 555 79
675 763 94
676 129 97
676 177 59
676 193 26
676 368 50
676 761 28
676 817 64
677 95 12
677 110 39
677 128 71
677 166 67
677 555 58
677 814 71
677 878 19
678 101 44
678 232 14
678 330 81
678 447 56
678 608 53
678 819 24
678 877 26
678 955 42
679 127 36
679 424 46
679 483 69
679 578 44
680 18 25
680 191 37
680 265 64
680 414 69
680 422 4
680 423 93
680 506 55
680 548 86
680 895 84
681 15 90
681 94 57
681 324 1
681 860 39
682 69 49
682 99 94
682 473 82
682 586 48
683 35 38
683 312 76
683 544 3
683 563 73
683 644 15
683 661 19
683 738 19
683 741 63
683 850 88
684 214 83
684 341 48
684 587 87
684 761 68
685 287 61
685 354 83
685 727 48
685 853 79
685 934 32
685 958 90
686 65 17
686 87 83
686 299 38
686 427 45
686 568 26
687 39 21
687 110 87
687 509 63
687 819 28
687 820 1
687 966 48
687 982 45
687 999 65
688 98 55
688 427 65
689 12 43
689 256 2
689 375 2
689 469 45
689 498 44
689 599 80
689 645 60
689 878 33
690 718 78
690 773 14
690 949 1
690 977 12
690 998 2
691 333 64
691 376 11
691 446 52
692 77 77
692 93 96
692 364 94
692 432 48
693 250 31
693 298 33
693 477 18
693 886 30
693 948 37
694 48 15
694 124 50
694 189 27
694 285 67
694 346 4
694 493 18
694 872 14
695 67 72
695 205 79
695 279 22
695 386 64
695 544 54
695 545 99
695 683 85
696 91 90
696 348 15
696 847 85
697 3 25
697 418 4
697 865 85
697 882 96
698 340 30
698 477 86
698 651 13
698 671 10
698 706 9
699 224 57
699 454 61
699 490 64
700 157 62
700 203 66
700 283 18
700 410 97
700 423 91
700 476 59
700 578 74
700 605 44
700 638 58
701 287 81
701 514 81
702 149 5
702 253 78
702 314 78
702 413 97
702 578 55
702 708 88
703 2 6
703 280 99
703 283 95
703 433 16
703 980 43
704 899 97
704 964 71
705 6 75
705 87 85
705 288 73
705 348 34
706 20 58
706 95 61
706 301 18
706 302 78
706 325 31
706 381 14
706 642 5
706 819 64
706 948 59
707 608 15
707 750 95
707 923 78
708 519 40
708 781 68
708 920 62
708 924 11
708 986 99
709 56 37
709 334 29
709 419 48
709 650 93
709 794 76
710 91 53
710 355 82
710 438 87
710 530 61
710 586 76
710 650 88
710 830 44
710 929 61
711 135 67
711 395 24
711 530 3
711 565 94
711 668 83
711 697 25
712 5 33
712 362 46
712 520 26
712 912 62
712 935 97
713 172 41
713 453 57
713 509 98
713 941 64
714 216 99
714 254 43
714 345 84
714 499 98
714 573 5
714 644 50
715 69 48
715 700 48
715 767 99
716 101 4
716 214 86
716 227 4
716 914 25
716 916 2
717 58 25
717 200 82
717 367 88
717 669 100
717 684 64
717 721 92
717 928 83
718 73 6
718 199 68
718 329 48
718 404 54
719 114 48
719 199 64
719 540 79
719 733 84
719 996 40
720 104 29
720 215 46
720 357 55
720 584 62
720 638 96
720 725 87
720 771 82
720 807 72
720 923 47
721 236 95
721 418 81
721 574 19
721 598 47
721 792 92
721 804 56
721 835 23
722 332 18
722 352 56
722 353 42
722 437 20
722 784 69
722 922 67
723 178 11
723 609 90
724 196 52
724 367 19
724 490 42
724 710 7
724 933 73
724 966 40
725 435 77
726 296 7
726 488 73
726 832 59
726 842 29
726 896 33
727 3 18
727 214 65
727 465 89
727 670 20
727 676 8
727 962 56
728 99 3
728 364 2
728 540 78
728 598 8
728 696 61
728 906 82
729 508 2
729 846 56
729 898 51
730 173 58
730 212 30
730 455 5
730 556 22
730 909 79
730 942 60
731 74 73
731 105 89
731 168 29
731 372 8
731 542 60
731 575 43
731 789 69
732 217 67
732 376 2
732 436 99
732 562 61
732 625 81
732 868 45
732 896 55
733 29 18
733 108 96
733 165 49
733 480 6
733 581 79
733 866 73
734 171 14
734 383 6
734 739 3
734 753 51
734 769 18
734 925 100
735 41 14
735 53 33
735 160 97
735 187 81
735 278 29
735 567 24
735 596 80
735 698 38
735 973 34
736 98 82
736 192 76
736 349 56
736 460 34
736 571 48
736 646 21
736 826 67
737 314 10
737 498 58
737 583 72
737 615 14
737 660 81
737 682 50
737 977 7
738 88 37
738 343 1
738 551 57
738 568 95
738 823 79
739 487 13
739 796 8
740 19 59
740 92 23
740 537 46
740 718 65
740 880 82
741 2 63
741 993 43
742 25 31
742 51 29
742 136 31
742 154 42
742 271 63
742 330 8
742 443 65
742 499 47
742 722 58
742 891 5
742 899 93
743 48 76
743 166 15
743 541 55
743 568 45
743 618 83
743 708 53
743 722 96
743 811 27
743 829 2
743 979 19
744 181 59
744 578 61
744 669 53
744 687 58
745 14 42
745 76 96
745 770 35
745 783 91
745 787 6
745 939 77
746 331 25
746 534 63
746 699 88
746 952 44
747 15 70
747 252 95
747 320 47
747 399 72
747 493 26
747 561 38
747 734 86
747 928 95
747 954 99
748 651 53
748 705 88
749 183 35
749 254 15
749 280 93
749 357 73
749 408 18
749 511 86
749 723 32
750 151 66
750 382 2
750 661 95
750 669 17
750 895 65
750 966 33
751 8 43
751 269 58
751 270 13
751 601 47
751 652 30
751 703 93
751 740 88
751 819 92
751 961 4
751 988 27
752 32 99
752 209 82
752 566 61
752 660 31
752 848 89
753 784 40
753 965 13
754 28 22
754 238 87
754 398 57
754 651 4
754 991 60
755 105 27
755 270 84
755 313 73
755 796 65
755 979 77
756 404 5
756 429 30
756 434 72
756 903 12
757 347 9
757 473 96
757 482 83
757 647 73
757 797 18
757 812 87
757 883 66
758 152 55
758 225 61
758 239 74
758 470 23
758 531 80
758 953 14
758 991 16
759 91 86
759 169 70
759 345 71
759 721 92
760 211 93
760 299 13
760 385 92
760 496 18
760 525 66
760 682 75
760 692 17
760 790 21
760 857 14
760 961 28
761 90 66
761 166 12
761 326 19
761 398 76
761 938 40
762 310 81
762 335 24
762 701 32
762 940 13
762 971 49
763 284 43
763 378 81
763 558 83
764 124 3
764 134 69
764 403 97
764 511 5
765 20 97
765 383 99
765 472 1
766 27 29
766 680 56
766 842 25
766 948 11
767 111 75
767 386 14
767 461 39
767 542 55
767 626 74
767 636 33
768 634 7
768 756 49
768 830 70
768 956 54
769 35 59
769 78 62
769 413 17
770 79 38
770 111 35
770 252 61
770 370 92
770 423 13
770 753 40
770 853 35
771 94 60
771 422 16
771 703 95
771 969 2
772 148 52
772 165 45
772 400 57
772 512 51
772 780 35
772 943 18
773 44 42
773 138 21
773 184 5
773 440 77
773 495 13
773 508 96
773 564 28
773 848 71
774 575 48
774 580 42
774 949 74
775 92 30
775 475 38
775 743 51
776 3 35
776 464 84
776 972 51
777 288 82
777 516 8
778 312 59
778 396 50
778 476 54
778 633 41
779 49 50
779 143 47
779 557 100
779 875 55
779 944 1
780 258 22
780 555 85
780 587 89
781 119 90
781 434 4
781 509 3
781 586 17
781 714 32
781 888 82
781 964 16
782 267 93
782 684 87
782 820 65
782 903 30
783 335 43
783 415 54
783 433 85
783 781 52
783 833 4
784 122 92
784 352 76
784 401 19
784 463 42
784 525 98
784 535 84
784 571 14
784 706 62
785 104 95
785 164 13
785 763 90
785 795 37
785 832 10
786 81 75
786 177 96
786 191 15
786 371 6
786 543 28
786 817 61
786 828 1
786 868 90
786 916 1
787 15 22
787 172 44
787 183 47
787 545 24
787 613 86
787 739 19
787 810 87
787 885 96
787 979 71
788 3 98
788 20 43
788 62 13
788 249 66
788 695 78
788 916 75
789 23 4
789 74 92
790 392 99
790 465 63
790 577 4
790 983 2
791 163 35
791 246 53
791 307 56
791 562 68
791 737 4
791 804 97
792 89 23
792 113 26
792 127 99
792 145 38
792 326 78
792 840 73
793 121 36
793 409 39
793 632 45
793 719 5
793 778 99
793 833 63
794 25 84
794 59 61
794 353 57
794 391 2
794 638 53
794 673 35
794 800 57
795 149 20
795 369 51
795 488 87
795 747 1
795 827 80
796 2 41
796 33 12
796 92 45
796 332 46
796 366 54
796 380 19
796 691 40
796 881 77
796 919 13
797 77 47
797 198 77
797 252 93
797 411 9
797 711 44
797 977 37
798 77 61
798 182 69
798 193 9
798 974 80
798 978 55
799 31 61
799 66 85
799 191 69
799 192 27
799 197 77
799 389 17
799 589 79
799 613 47
799 798 28
800 34 13
800 113 53
800 275 24
800 540 6
800 637 66
800 888 8
801 8 4
801 102 79
801 360 85
801 870 27
802 744 22
802 874 81
802 984 75
802 987 25
803 202 82
803 365 96
803 370 67
803 690 50
803 725 7
803 889 13
803 973 34
803 984 48
804 51 21
804 62 73
804 518 9
804 799 83
804 906 8
805 14 93
805 109 79
805 426 76
805 510 17
805 515 71
805 542 75
805 662 95
806 31 61
806 526 25
806 583 11
806 638 55
807 189 59
807 251 96
807 263 44
807 537 31
807 763 99
807 848 10
807 909 27
807 933 2
808 91 90
808 576 22
808 653 55
808 998 89
809 200 48
809 348 33
809 739 42
810 82 52
810 147 37
810 168 32
810 534 47
810 960 39
811 87 6
811 187 67
811 337 84
811 385 16
811 574 13
811 711 66
811 842 32
812 348 66
812 464 62
813 89 84
813 116 79
813 125 79
813 151 89
813 378 39
813 509 22
813 542 96
813 769 98
814 668 83
814 762 67
815 314 76
815 618 30
815 851 2
815 925 17
816 99 35
816 485 75
816 713 63
816 877 20
817 66 39
817 252 49
817 526 31
817 710 41
818 165 95
818 670 1
818 850 76
818 883 35
819 65 89
819 151 70
819 262 44
819 531 31
819 575 71
819 789 83
820 3 74
820 258 1
820 592 88
820 593 17
821 296 69
821 347 19
821 452 68
822 700 68
822 807 63
823 19 89
823 372 42
823 739 38
823 751 13
823 994 59
824 120 60
824 242 75
824 429 25
824 925 33
825 41 30
825 236 88
826 5 86
826 20 87
826 72 42
826 238 16
826 295 28
826 413 29
826 425 34
826 653 9
826 671 56
826 800 58
827 145 18
827 179 14
827 292 90
827 294 66
827 498 16
827 536 65
827 962 5
828 132 5
828 349 39
828 627 54
828 680 32
829 37 9
829 44 39
829 363 36
829 370 13
829 556 92
829 947 59
830 239 33
830 258 10
830 315 58
830 793 77
830 887 80
831 171 35
831 302 55
831 414 12
831 652 62
831 668 77
831 762 97
831 765 34
832 178 77
832 218 60
832 579 25
832 947 95
833 97 10
833 259 87
833 619 67
833 928 24
834 681 89
834 799 52
835 14 90
835 501 69
835 556 79
835 869 53
836 304 9
836 585 20
836 855 12
836 885 88
836 954 67
837 196 65
837 461 86
837 562 71
837 885 40
837 894 100
838 236 33
838 432 50
839 133 36
839 509 18
839 888 83
840 137 68
840 630 56
840 877 76
841 91 46
841 99 21
841 278 71
841 922 24
841 945 11
842 115 87
842 123 80
842 308 18
842 545 30
842 801 41
843 63 63
843 347 79
843 642 34
844 230 82
844 427 93
844 612 82
845 189 32
845 201 57
845 387 37
845 478 62
845 554 74
846 49 82
846 141 78
846 207 76
846 224 50
846 332 38
846 625 46
846 852 54
847 115 78
847 136 71
847 620 5
847 854 41
848 40 73
848 66 62
848 216 57
848 539 76
848 564 35
848 668 71
848 684 49
848 751 25
848 906 53
848 942 37
849 207 76
849 214 62
849 312 73
849 630 40
850 276 74
850 337 97
850 984 71
851 202 40
851 537 42
851 552 94
851 981 75
852 213 34
852 595 93
852 654 40
853 38 58
853 538 85
853 711 13
853 736 26
853 799 97
853 822 52
854 346 4
854 426 24
854 722 35
854 904 6
855 59 34
855 86 12
855 89 68
855 300 33
855 488 9
855 689 55
855 908 16
855 938 4
856 212 6
856 306 89
856 494 44
856 740 3
857 5 56
857 258 14
857 891 51
857 898 32
858 380 22
858 432 57
858 462 90
858 766 58
859 3 92
859 78 35
859 385 74
859 405 36
859 639 39
859 726 66
859 749 73
859 824 80
860 85 93
860 403 25
860 709 71
860 897 63
860 946 29
861 56 37
861 217 50
861 239 39
861 265 82
861 267 23
861 405 46
861 495 21
861 889 49
862 479 20
862 978 35
862 989 87
863 230 6
863 418 53
863 584 70
863 833 7
863 991 38
864 60 12
864 167 31
864 216 77
864 397 93
864 444 84
864 610 35
864 637 97
864 651 80
864 693 75
864 984 57
865 50 90
865 107 19
865 109 69
865 524 27
865 684 16
866 269 42
866 415 42
866 651 25
866 951 31
866 985 92
867 734 16
867 774 57
867 840 83
868 389 71
868 724 60
868 984 49
870 542 55
870 666 69
871 97 62
872 227 9
872 402 42
872 494 83
872 621 14
872 843 49
872 887 91
872 890 90
872 904 42
873 134 37
873 418 13
873 493 72
873 563 33
874 60 60
874 129 89
874 131 70
874 175 33
874 376 19
874 764 31
874 923 4
874 924 10
875 95 14
875 614 67
876 268 14
876 400 71
876 641 83
876 757 46
877 835 44
878 15 42
878 457 45
878 544 11
878 549 6
878 642 19
878 647 56
878 657 2
878 762 51
878 833 10
879 524 57
880 364 93
880 441 100
880 885 22
880 943 30
881 58 9
881 158 99
881 204 79
881 362 60
881 750 72
881 769 12
881 917 93
881 993 40
882 21 9
882 221 70
882 389 80
882 609 52
883 615 81
883 625 18
883 690 97
884 16 76
884 20 49
884 262 87
884 322 98
884 497 57
884 545 64
884 682 51
884 741 22
884 744 34
885 93 7
885 120 86
885 397 9
885 451 29
885 551 22
886 64 17
886 102 24
886 613 55
886 700 75
886 705 44
886 717 51
886 983 34
887 511 79
887 643 12
887 685 80
887 710 81
887 824 44
888 308 22
888 394 78
888 550 26
888 887 33
888 967 48
888 984 26
889 33 53
889 121 87
889 258 24
889 830 33
890 130 73
890 191 27
890 374 12
890 381 43
890 516 62
890 670 72
891 52 81
891 302 88
891 577 18
891 655 5
892 865 25
892 962 65
892 997 1
893 12 31
893 146 43
893 147 43
893 308 38
893 521 12
893 690 65
893 734 76
894 25 65
894 247 76
894 291 99
894 388 68
894 397 90
894 775 31
894 993 45
895 62 80
895 375 20
896 86 33
896 321 28
896 371 68
896 578 48
897 129 98
897 140 89
897 220 33
897 470 94
897 480 23
897 561 76
897 794 51
897 843 33
899 56 94
899 153 50
899 206 71
899 537 19
899 730 14
899 736 21
899 749 34
899 773 74
899 833 43
899 969 50
899 984 65
900 37 25
900 272 15
900 346 85
900 426 81
900 676 18
900 705 68
901 189 85
901 426 40
902 202 85
902 557 8
902 697 85
902 816 15
902 845 62
902 877 46
902 911 22
902 978 33
903 222 59
903 631 73
904 180 34
904 476 2
904 924 87
905 5 23
905 90 59
905 328 25
905 806 25
905 857 41
906 8 18
906 101 36
906 326 60
906 519 66
906 692 44
906 769 44
906 854 57
907 83 24
907 144 51
907 399 8
907 445 48
907 925 25
908 221 90
908 362 5
908 437 67
908 463 81
908 475 83
908 683 50
909 63 30
909 306 99
909 616 7
909 703 40
909 731 60
909 951 36
910 134 59
910 140 80
910 247 95
910 421 3
910 468 94
910 758 73
910 855 98
911 356 5
911 885 4
912 277 4
912 296 79
912 322 93
912 481 10
912 492 11
912 523 64
912 984 18
912 998 74
913 402 79
913 764 40
913 772 88
913 864 27
914 73 75
914 214 64
914 321 18
914 431 38
914 667 12
914 765 79
914 787 16
914 894 50
915 185 39
915 234 12
915 524 2
915 595 99
915 883 99
916 16 35
916 356 88
916 525 26
916 655 14
916 689 58
916 904 86
917 149 79
917 176 87
917 371 30
917 440 11
917 500 3
917 668 67
918 306 47
918 450 95
918 453 56
918 558 40
918 764 69
918 899 99
919 54 99
919 529 52
919 681 26
919 772 68
919 825 6
920 42 52
920 178 95
920 495 43
920 566 26
920 622 22
920 634 84
921 64 87
921 153 97
921 213 14
921 236 23
921 857 76
922 10 77
922 213 7
922 241 11
922 252 5
922 573 57
922 665 25
922 824 98
923 240 81
923 242 5
923 968 66
924 111 74
924 250 58
924 336 2
924 511 92
925 155 44
925 287 58
925 536 73
925 543 12
925 557 23
925 628 43
925 785 38
926 57 54
926 781 57
927 184 72
927 879 97
928 62 43
928 270 57
928 369 15
928 439 21
928 548 90
928 591 66
928 692 12
929 117 56
929 517 36
929 544 30
929 672 14
929 901 1
930 26 48
930 581 74
930 655 55
930 659 87
930 696 52
931 263 69
931 508 58
931 566 58
931 587 93
932 200 83
932 518 60
932 804 48
932 900 77
932 939 88
932 999 63
933 339 91
933 616 93
933 772 26
933 902 89
934 8 57
934 134 1
934 519 17
934 646 29
934 925 73
935 15 3
935 21 15
935 389 69
935 621 20
935 884 38
936 90 55
936 307 82
936 571 28
936 600 82
936 723 24
936 931 41
936 935 100
936 983 43
937 54 13
937 530 62
938 432 45
938 486 76
938 489 74
938 765 50
938 810 91
938 901 54
938 906 71
939 574 74
939 790 87
939 829 52
939 915 29
939 920 79
940 138 39
940 216 51
940 351 97
940 423 71
940 847 63
940 862 82
941 10 81
941 420 87
941 499 64
941 523 35
941 537 78
941 629 47
941 936 11
942 3 78
942 110 74
942 113 100
942 232 99
942 350 8
943 613 17
944 84 45
944 419 43
944 527 67
944 541 86
944 646 7
944 672 10
945 108 95
945 356 94
945 410 95
946 60 78
946 425 57
946 664 69
946 723 12
947 25 4
947 266 64
947 279 69
947 598 38
947 748 14
948 225 69
948 704 60
948 899 51
948 900 94
949 102 7
949 985 99
950 203 77
950 379 23
950 491 32
951 46 27
951 273 2
951 326 78
951 480 40
952 505 81
952 529 67
952 664 42
952 691 40
952 714 38
952 727 16
952 875 71
952 878 24
953 171 16
953 258 5
953 448 92
954 498 68
954 629 62
954 931 11
955 57 20
955 62 9
955 217 7
955 426 97
955 460 6
955 516 39
955 523 39
956 54 45
956 169 4
956 570 42
956 678 86
956 801 3
956 942 84
957 919 39
958 181 89
958 413 85
958 547 76
958 739 48
958 823 94
958 860 50
958 936 45
958 957 58
959 366 69
959 515 94
960 392 46
960 902 96
961 148 30
961 224 16
961 316 25
961 505 11
961 541 84
961 876 1
962 373 71
962 725 74
963 25 39
963 259 34
963 275 100
963 296 2
963 477 87
963 757 3
964 231 40
964 655 73
964 760 100
965 337 76
965 441 78
965 470 10
965 615 86
965 910 61
965 933 73
966 76 39
966 528 28
966 529 91
966 565 9
966 763 4
966 841 17
966 954 93
967 137 96
967 270 21
967 386 30
967 508 40
967 562 61
967 639 39
967 646 61
967 696 100
967 839 58
967 851 6
968 578 92
968 823 24
968 975 54
969 263 99
969 684 52
970 228 90
970 325 25
970 639 100
970 744 68
970 759 67
970 845 12
971 722 59
971 726 77
971 872 49
972 358 85
972 364 18
972 389 25
973 186 33
973 379 76
973 701 20
974 241 7
974 379 43
974 542 59
974 811 36
974 867 50
974 939 54
974 980 42
975 261 45
975 494 22
975 839 44
975 910 36
976 372 58
976 581 77
976 633 11
976 769 100
976 777 96
976 894 5
977 10 57
977 84 77
977 87 49
977 904 9
978 152 32
978 422 44
978 432 45
978 601 32
979 34 11
979 442 4
979 653 50
980 107 97
980 167 99
980 821 4
981 113 11
981 249 2
981 317 44
981 362 79
981 460 36
981 513 64
982 16 86
982 110 58
982 336 22
982 460 42
982 512 41
983 393 87
983 475 12
983 854 63
983 944 8
984 37 12
984 534 18
984 676 73
984 685 80
984 803 13
984 928 82
985 70 81
985 582 96
985 721 33
985 870 5
986 139 45
986 159 73
986 586 1
986 984 86
987 132 13
987 611 14
987 795 77
987 902 33
988 189 79
988 268 66
988 431 45
988 730 49
988 892 86
989 124 55
989 279 50
989 712 78
990 367 71
990 382 90
990 728 88
990 827 38
990 963 65
991 253 93
991 661 30
991 791 62
992 21 100
992 204 12
992 436 62
992 925 62
994 402 95
994 405 61
994 450 75
994 484 55
994 489 74
994 818 69
994 969 79
995 206 18
995 443 93
995 580 36
995 716 9
995 797 42
996 83 9
996 290 59
996 511 91
996 543 96
996 561 42
996 802 93
996 894 15
996 955 78
997 731 84
997 756 25
997 771 21
997 883 83
998 75 77
998 464 54
998 740 75
999 2 18
999 7 22
999 166 7
999 610 86
999 949 52
