100 1
0 4 10
0 8 2
0 28 3
0 42 10
0 53 3
0 66 9
0 72 3
0 81 6
0 90 5
1 11 4
1 12 2
1 13 3
1 27 4
1 35 5
1 50 10
1 54 3
1 55 5
1 71 4
2 40 2
2 44 8
2 48 2
2 50 5
2 82 5
2 83 10
2 86 1
2 92 9
2 93 6
3 2 2
3 25 3
3 30 6
3 38 4
3 41 8
3 50 6
3 68 6
3 75 6
3 98 7
4 12 10
4 18 9
4 24 7
4 54 8
4 79 6
4 87 2
5 3 3
5 7 4
5 18 4
5 33 2
5 35 3
5 38 5
5 59 2
5 66 10
5 73 6
5 97 1
6 8 3
6 10 2
6 24 6
6 40 10
6 58 5
6 59 9
6 82 2
7 16 8
7 19 10
7 33 7
7 42 4
7 61 2
7 62 5
7 68 4
7 73 3
7 74 6
7 90 1
7 92 6
8 16 6
8 19 4
8 21 10
8 35 5
8 37 2
8 46 6
8 48 1
8 55 10
8 69 3
8 80 4
9 10 10
9 31 10
9 39 7
9 40 4
9 46 7
9 59 4
9 64 4
9 65 1
9 66 9
9 71 4
9 82 5
9 88 4
9 97 3
10 6 3
10 25 10
10 44 2
10 46 2
10 58 4
10 73 9
10 74 7
10 95 6
10 96 1
11 8 9
11 26 3
11 36 1
11 40 6
11 44 3
11 46 9
11 53 2
11 56 10
11 62 3
11 64 2
11 85 2
12 6 2
12 8 1
12 18 1
12 32 3
12 60 10
12 62 10
12 63 10
12 65 4
12 76 8
12 80 5
12 93 3
12 95 3
13 10 1
13 16 7
13 24 2
13 39 8
13 53 5
13 60 2
13 65 9
13 70 1
13 94 2
14 8 5
14 9 5
14 11 8
14 12 4
14 13 7
14 49 9
14 56 3
14 71 6
14 81 4
14 84 7
14 89 5
15 52 6
15 55 10
15 65 9
15 75 7
15 83 10
16 43 8
16 53 9
16 79 4
16 95 9
16 96 2
17 0 4
17 3 1
17 14 3
17 29 6
17 36 9
17 53 3
17 57 10
17 59 1
18 0 6
18 38 5
18 44 7
18 52 5
18 54 5
18 58 8
18 74 9
18 82 3
18 89 4
18 92 6
19 39 7
19 42 1
19 57 6
19 59 7
19 80 3
19 83 1
19 90 8
19 94 10
20 25 8
20 28 3
20 34 3
20 35 1
20 44 1
20 66 9
20 68 8
20 81 6
21 7 6
21 24 3
21 36 3
21 40 2
21 41 7
21 47 10
21 51 1
21 78 2
21 82 4
21 86 9
21 88 4
21 93 9
21 99 9
22 39 3
22 48 2
22 54 9
22 80 3
23 11 1
23 54 2
23 64 3
23 71 7
23 72 9
23 80 2
23 83 3
23 90 10
24 3 10
24 7 1
24 8 1
24 22 4
24 38 5
24 49 8
24 84 3
24 86 9
25 10 6
25 20 9
25 22 10
25 34 3
25 44 1
25 49 10
25 55 8
25 62 4
25 70 10
25 82 7
25 98 4
26 27 1
26 44 2
26 48 7
26 51 3
26 52 4
26 59 1
26 66 7
26 71 9
26 72 2
26 84 8
26 90 2
27 13 8
27 16 3
27 21 10
27 40 1
27 47 9
27 58 6
27 60 6
27 67 4
28 2 2
28 12 8
28 13 8
28 17 9
28 18 5
28 23 2
28 27 1
28 45 4
28 60 8
28 91 5
28 99 9
29 13 8
29 28 5
29 37 3
29 41 4
29 42 9
29 44 7
29 50 4
29 80 8
29 81 9
29 82 2
29 86 9
29 90 1
30 1 3
30 6 6
30 8 9
30 9 9
30 37 8
30 82 4
30 90 1
30 97 9
31 5 9
31 7 2
31 23 4
31 39 2
31 46 7
31 64 7
31 66 10
31 78 7
31 81 5
31 82 5
31 88 1
31 89 3
31 97 7
32 5 10
32 6 7
32 13 4
32 23 3
32 49 10
32 57 9
32 62 7
32 69 3
32 70 6
32 78 4
32 86 7
32 93 1
32 98 6
33 18 8
33 42 9
33 48 3
33 55 4
33 68 1
33 75 3
33 76 5
33 79 8
33 87 2
34 1 8
34 19 4
34 54 4
34 75 7
34 84 4
35 0 8
35 3 9
35 16 5
35 22 2
35 38 8
35 48 5
35 93 8
36 8 7
36 10 8
36 12 2
36 16 9
36 26 8
36 27 5
36 28 9
36 43 8
36 50 3
36 51 1
36 57 4
36 61 6
36 63 7
36 65 8
36 66 2
36 69 5
36 74 9
37 0 9
37 5 7
37 9 9
37 14 4
37 28 3
37 30 4
37 61 8
37 89 6
37 92 4
38 10 1
38 15 4
38 24 1
38 83 10
38 85 8
39 15 5
39 21 9
39 60 5
39 63 1
39 72 6
39 87 9
39 94 5
39 95 1
40 2 3
40 9 8
40 21 1
40 28 8
40 30 10
40 42 10
40 62 3
40 86 3
41 3 9
41 16 7
41 21 7
41 81 7
41 82 10
41 93 2
42 6 1
42 23 2
42 28 8
42 38 7
42 39 7
42 41 9
42 48 7
42 49 3
42 74 2
42 75 6
42 87 6
42 94 10
42 95 3
43 15 6
43 20 4
43 35 8
43 37 2
43 47 3
43 57 3
43 58 10
43 59 9
43 65 5
43 78 9
43 83 4
43 85 1
43 94 7
43 97 2
44 7 8
44 14 2
44 45 10
44 47 3
44 75 8
44 88 5
45 7 6
45 23 6
45 33 5
45 39 5
45 41 4
45 52 8
45 86 2
45 95 7
45 97 3
45 98 3
46 0 3
46 1 7
46 9 2
46 31 7
46 55 4
46 67 5
46 78 10
46 83 8
46 84 1
46 90 9
47 4 9
47 11 4
47 17 3
47 30 6
47 31 2
47 32 9
47 54 10
47 65 3
47 68 7
47 78 8
47 85 9
48 5 3
48 18 1
48 41 2
48 53 7
48 91 7
49 19 7
49 36 8
49 40 4
49 41 9
49 50 10
49 77 4
49 83 5
49 84 8
49 89 3
49 94 7
49 96 10
50 1 1
50 10 2
50 19 5
50 72 3
50 76 9
50 89 10
50 94 9
50 96 7
50 97 4
51 1 1
51 12 10
51 52 3
51 76 2
51 79 4
51 83 2
51 98 8
52 1 1
52 5 1
52 26 6
52 34 3
52 79 4
52 95 5
53 3 4
53 7 8
53 8 2
53 11 1
53 15 1
53 27 4
53 31 5
53 34 5
53 39 9
53 49 6
53 78 7
54 24 10
54 30 8
54 42 5
54 43 5
54 56 10
54 68 1
54 77 8
54 84 3
54 85 4
54 97 2
55 16 8
55 21 2
55 28 7
55 53 3
55 58 1
55 60 4
55 83 10
55 88 5
55 98 3
56 1 5
56 12 2
56 16 2
56 22 10
56 26 3
56 27 7
56 28 2
56 35 1
56 37 10
56 53 1
56 77 9
56 87 9
56 94 4
56 99 1
57 32 8
57 38 5
57 51 5
57 56 1
57 67 6
57 85 5
57 89 4
57 92 8
57 94 10
57 98 9
57 99 1
58 13 7
58 14 5
58 17 10
58 50 6
58 52 3
58 57 3
58 65 2
58 70 10
58 73 5
58 96 4
59 16 8
59 17 4
59 33 2
59 49 6
59 51 1
59 52 7
59 79 3
59 96 5
60 8 5
60 11 5
60 21 2
60 25 2
60 40 5
60 42 7
60 69 4
60 71 2
60 74 9
60 76 1
60 86 10
60 93 3
61 1 9
61 18 7
61 36 5
61 37 8
61 52 1
61 53 5
61 58 9
61 60 2
61 75 8
61 81 5
62 4 2
62 11 6
62 14 5
62 28 3
62 33 7
62 42 7
62 52 8
62 64 5
62 71 10
63 11 9
63 12 2
63 15 3
63 20 9
63 23 8
63 41 7
63 48 10
63 65 8
63 86 10
63 87 6
64 4 3
64 24 2
64 37 7
64 52 1
64 88 5
64 91 2
64 92 1
65 1 4
65 4 9
65 8 4
65 11 3
65 16 8
65 30 6
65 38 9
65 41 7
65 49 8
65 59 8
65 79 7
65 90 5
66 3 1
66 17 4
66 42 6
66 44 1
66 49 9
66 51 5
66 80 3
66 87 7
66 94 3
67 21 6
67 23 5
67 26 10
67 32 4
67 35 6
67 44 6
67 45 4
67 64 6
67 74 1
67 79 7
67 90 6
67 93 6
67 98 5
68 1 1
68 3 7
68 20 10
68 28 8
68 31 8
68 47 6
68 49 9
68 55 5
68 78 5
68 80 7
68 84 3
68 87 10
68 96 2
68 99 2
69 8 6
69 10 9
69 12 7
69 26 4
69 51 1
69 52 1
69 67 8
69 85 10
69 86 4
69 98 8
70 6 10
70 16 10
70 19 2
70 34 9
70 39 3
70 50 6
70 71 2
70 72 1
70 78 10
70 84 3
71 8 1
71 39 10
71 52 2
71 65 8
71 73 5
71 74 4
71 87 7
71 90 4
72 3 3
72 6 10
72 12 2
72 45 10
72 67 2
72 70 3
72 80 6
73 0 6
73 3 2
73 13 9
73 37 1
73 40 7
73 43 9
73 50 8
73 57 3
73 63 6
73 68 9
73 71 10
73 80 9
73 82 9
73 99 9
74 5 2
74 11 4
74 17 2
74 18 4
74 26 7
74 83 1
74 86 4
75 18 9
75 28 7
75 42 3
75 59 7
75 60 9
75 66 6
75 73 7
75 98 9
76 20 5
76 26 7
76 31 9
76 49 2
76 55 4
76 57 6
76 69 3
76 89 9
76 90 8
77 1 2
77 2 5
77 10 1
77 41 4
77 44 4
77 47 10
77 72 6
77 79 10
78 28 10
78 30 9
78 40 4
78 43 7
78 46 1
78 71 2
78 90 4
79 9 10
79 14 5
79 21 7
79 28 9
79 29 8
79 30 5
79 41 9
79 52 10
79 59 9
79 62 3
79 68 5
79 70 6
79 77 6
79 90 3
80 8 10
80 9 1
80 20 2
80 24 6
80 28 6
80 31 4
80 35 3
80 51 3
80 89 7
81 7 10
81 26 7
81 45 4
81 56 4
81 60 4
81 66 3
81 78 9
81 99 3
82 5 7
82 8 7
82 10 1
82 11 2
82 12 4
82 35 7
82 37 8
82 60 3
82 61 3
82 67 6
82 70 8
82 97 4
83 2 1
83 5 3
83 29 4
83 39 9
83 41 3
83 65 4
83 75 4
83 98 5
84 20 9
84 22 4
84 27 9
84 33 3
84 39 10
84 55 2
84 76 6
85 7 10
85 28 3
85 31 1
85 42 4
85 53 8
85 58 2
85 61 2
85 69 6
85 76 1
85 87 2
85 94 4
86 5 3
86 28 5
86 46 6
86 49 9
86 67 6
86 69 8
86 74 10
86 75 1
86 90 2
86 93 2
86 94 2
86 99 9
87 4 9
87 8 6
87 17 4
87 25 8
87 36 4
87 49 1
87 55 10
87 78 5
87 81 1
87 92 10
87 94 3
87 97 3
88 12 2
88 21 2
88 22 2
88 52 5
88 81 8
88 82 2
88 94 8
89 7 10
89 10 8
89 21 1
89 33 5
89 37 4
89 52 7
89 54 10
89 67 2
89 74 10
89 80 9
89 95 10
90 0 1
90 6 3
90 13 6
90 19 8
90 21 4
90 23 1
90 25 8
90 31 6
90 35 3
90 36 8
90 37 8
90 48 6
90 64 6
90 69 6
90 75 9
90 77 4
90 78 8
90 79 7
90 89 5
90 94 6
91 21 9
91 25 1
91 38 3
91 39 10
91 45 8
91 46 6
91 57 6
91 58 5
91 73 3
92 2 8
92 9 8
92 37 6
92 49 7
92 54 6
92 65 1
92 76 8
92 83 4
92 89 4
92 98 5
93 2 8
93 3 7
93 6 1
93 9 7
93 12 5
93 13 1
93 20 4
93 31 5
93 36 8
93 55 4
93 57 10
93 62 2
93 66 6
93 67 4
93 72 8
93 78 2
93 87 8
93 98 6
94 13 4
94 14 10
94 24 8
94 33 9
94 35 8
94 37 9
94 41 3
94 81 4
94 85 10
94 88 7
94 93 1
95 26 5
95 34 7
95 39 7
95 41 3
95 44 7
95 45 3
95 49 10
95 63 9
96 4 3
96 18 3
96 27 7
96 42 8
96 50 10
96 66 2
96 71 2
96 78 4
96 88 2
96 98 10
97 0 9
97 3 9
97 39 10
97 46 10
97 62 8
97 65 1
97 67 5
97 74 3
97 76 4
97 95 9
98 4 3
98 49 8
98 51 3
98 54 10
98 61 8
98 67 7
98 83 9
99 6 10
99 17 3
99 53 7
99 59 10
99 65 7
99 66 9
99 73 5
99 75 4
99 80 7
99 84 6
99 87 5
