100 5
0 59 5 3 10 9 7
3 6 7 7 7 9 10
3 67 2 9 4 5 9
4 19 3 1 1 6 7
4 62 1 9 9 5 10
8 21 1 5 8 5 7
9 64 4 10 6 9 3
13 54 2 5 2 5 8
13 71 4 5 5 8 3
15 58 10 2 5 9 10
16 61 5 10 2 4 2
20 44 7 3 2 2 2
20 51 3 4 7 1 6
20 72 1 2 4 8 1
21 80 5 3 4 1 2
23 0 6 5 9 2 4
23 86 4 9 1 9 1
23 93 2 10 2 3 4
23 96 9 4 10 3 4
23 98 4 3 8 3 1
24 3 7 6 8 10 8
24 51 1 10 6 1 4
25 58 2 9 7 8 7
26 60 9 5 4 1 3
27 17 1 5 8 6 6
27 38 6 9 3 7 1
29 12 9 6 7 3 8
29 73 6 10 10 8 5
31 3 8 4 3 9 9
31 35 4 8 6 3 6
31 98 9 1 7 4 10
32 88 5 10 5 3 1
33 41 6 1 5 4 7
33 53 2 3 6 3 2
35 3 5 3 3 8 9
36 17 6 4 7 8 1
36 22 4 9 8 7 7
37 62 3 1 4 1 3
38 12 4 3 1 6 1
38 79 5 3 4 8 9
40 78 4 7 7 10 9
41 5 1 7 4 7 2
41 35 7 7 2 5 8
42 69 10 10 2 1 6
44 5 4 4 10 8 9
45 38 7 10 8 7 10
49 11 5 6 8 2 5
51 71 3 3 9 10 1
51 92 2 4 8 10 5
53 22 5 5 2 8 4
54 78 2 6 5 8 2
55 29 2 9 1 7 5
56 38 10 4 9 5 4
56 49 10 4 2 1 10
56 90 10 6 2 4 4
58 43 6 5 3 7 6
58 82 7 4 9 8 1
60 11 1 3 8 2 1
61 36 8 6 1 8 1
63 8 9 1 7 2 7
63 35 4 9 5 9 1
65 79 4 9 8 7 6
65 99 1 2 1 8 10
66 90 10 6 3 4 2
67 29 7 5 3 7 10
69 50 10 7 1 10 2
73 76 7 2 6 7 9
74 68 8 8 10 10 6
74 97 1 6 10 10 3
75 59 3 2 7 6 4
76 9 3 7 1 9 7
76 22 8 3 6 8 3
77 32 9 7 8 3 1
78 36 5 6 2 4 2
78 57 4 5 2 2 6
79 5 8 2 1 1 6
79 92 6 9 6 1 1
80 18 9 10 7 6 1
80 43 9 10 6 5 10
80 92 8 5 5 7 2
81 28 5 7 5 9 2
81 61 3 6 5 10 10
83 93 3 8 10 2 3
85 31 3 9 10 6 4
86 3 1 2 4 10 2
87 29 2 5 7 8 1
87 46 3 4 7 9 5
88 98 5 2 1 2 6
89 92 10 8 1 2 1
90 50 7 3 9 9 10
91 37 1 2 6 3 7
91 93 7 5 6 10 10
93 19 2 2 1 6 3
94 43 5 5 1 3 2
94 45 3 10 7 1 3
95 14 3 2 4 3 1
99 15 5 4 6 3 7
